{
  "polygons" : "true",
  "field" : "golden",
  "symmetry" : "icosahedral",
  "orientations" : [ [ 1.0, 0.0, 0.0, 0.0, 0.0, 1.0, 0.0, 0.0, 0.0, 0.0, 1.0, 0.0, 0.0, 0.0, 0.0, 1.0 ], [ 0.0, 0.0, 1.0, 0.0, 1.0, 0.0, 0.0, 0.0, 0.0, 1.0, 0.0, 0.0, 0.0, 0.0, 0.0, 1.0 ], [ 0.0, 1.0, 0.0, 0.0, 0.0, 0.0, 1.0, 0.0, 1.0, 0.0, 0.0, 0.0, 0.0, 0.0, 0.0, 1.0 ], [ 0.809017, 0.309017, 0.5, 0.0, 0.309017, 0.5, -0.809017, 0.0, -0.5, 0.809017, 0.309017, 0.0, 0.0, 0.0, 0.0, 1.0 ], [ -0.5, 0.809017, 0.309017, 0.0, 0.809017, 0.309017, 0.5, 0.0, 0.309017, 0.5, -0.809017, 0.0, 0.0, 0.0, 0.0, 1.0 ], [ 0.309017, 0.5, -0.809017, 0.0, -0.5, 0.809017, 0.309017, 0.0, 0.809017, 0.309017, 0.5, 0.0, 0.0, 0.0, 0.0, 1.0 ], [ 0.5, 0.809017, 0.309017, 0.0, 0.809017, -0.309017, -0.5, 0.0, -0.309017, 0.5, -0.809017, 0.0, 0.0, 0.0, 0.0, 1.0 ], [ -0.309017, 0.5, -0.809017, 0.0, 0.5, 0.809017, 0.309017, 0.0, 0.809017, -0.309017, -0.5, 0.0, 0.0, 0.0, 0.0, 1.0 ], [ 0.809017, -0.309017, -0.5, 0.0, -0.309017, 0.5, -0.809017, 0.0, 0.5, 0.809017, 0.309017, 0.0, 0.0, 0.0, 0.0, 1.0 ], [ 0.5, 0.809017, -0.309017, 0.0, 0.809017, -0.309017, 0.5, 0.0, 0.309017, -0.5, -0.809017, 0.0, 0.0, 0.0, 0.0, 1.0 ], [ 0.309017, -0.5, -0.809017, 0.0, 0.5, 0.809017, -0.309017, 0.0, 0.809017, -0.309017, 0.5, 0.0, 0.0, 0.0, 0.0, 1.0 ], [ 0.809017, -0.309017, 0.5, 0.0, 0.309017, -0.5, -0.809017, 0.0, 0.5, 0.809017, -0.309017, 0.0, 0.0, 0.0, 0.0, 1.0 ], [ 0.809017, 0.309017, -0.5, 0.0, 0.309017, 0.5, 0.809017, 0.0, 0.5, -0.809017, 0.309017, 0.0, 0.0, 0.0, 0.0, 1.0 ], [ 0.5, -0.809017, 0.309017, 0.0, 0.809017, 0.309017, -0.5, 0.0, 0.309017, 0.5, 0.809017, 0.0, 0.0, 0.0, 0.0, 1.0 ], [ 0.309017, 0.5, 0.809017, 0.0, 0.5, -0.809017, 0.309017, 0.0, 0.809017, 0.309017, -0.5, 0.0, 0.0, 0.0, 0.0, 1.0 ], [ 1.0, 0.0, 0.0, 0.0, 0.0, -1.0, 0.0, 0.0, 0.0, 0.0, -1.0, 0.0, 0.0, 0.0, 0.0, 1.0 ], [ 0.0, 0.0, 1.0, 0.0, -1.0, 0.0, 0.0, 0.0, 0.0, -1.0, 0.0, 0.0, 0.0, 0.0, 0.0, 1.0 ], [ 0.0, 1.0, 0.0, 0.0, 0.0, 0.0, -1.0, 0.0, -1.0, 0.0, 0.0, 0.0, 0.0, 0.0, 0.0, 1.0 ], [ 0.809017, 0.309017, 0.5, 0.0, -0.309017, -0.5, 0.809017, 0.0, 0.5, -0.809017, -0.309017, 0.0, 0.0, 0.0, 0.0, 1.0 ], [ -0.5, 0.809017, 0.309017, 0.0, -0.809017, -0.309017, -0.5, 0.0, -0.309017, -0.5, 0.809017, 0.0, 0.0, 0.0, 0.0, 1.0 ], [ 0.309017, 0.5, -0.809017, 0.0, 0.5, -0.809017, -0.309017, 0.0, -0.809017, -0.309017, -0.5, 0.0, 0.0, 0.0, 0.0, 1.0 ], [ 0.5, 0.809017, 0.309017, 0.0, -0.809017, 0.309017, 0.5, 0.0, 0.309017, -0.5, 0.809017, 0.0, 0.0, 0.0, 0.0, 1.0 ], [ -0.309017, 0.5, -0.809017, 0.0, -0.5, -0.809017, -0.309017, 0.0, -0.809017, 0.309017, 0.5, 0.0, 0.0, 0.0, 0.0, 1.0 ], [ 0.809017, -0.309017, -0.5, 0.0, 0.309017, -0.5, 0.809017, 0.0, -0.5, -0.809017, -0.309017, 0.0, 0.0, 0.0, 0.0, 1.0 ], [ 0.5, 0.809017, -0.309017, 0.0, -0.809017, 0.309017, -0.5, 0.0, -0.309017, 0.5, 0.809017, 0.0, 0.0, 0.0, 0.0, 1.0 ], [ 0.309017, -0.5, -0.809017, 0.0, -0.5, -0.809017, 0.309017, 0.0, -0.809017, 0.309017, -0.5, 0.0, 0.0, 0.0, 0.0, 1.0 ], [ 0.809017, -0.309017, 0.5, 0.0, -0.309017, 0.5, 0.809017, 0.0, -0.5, -0.809017, 0.309017, 0.0, 0.0, 0.0, 0.0, 1.0 ], [ 0.809017, 0.309017, -0.5, 0.0, -0.309017, -0.5, -0.809017, 0.0, -0.5, 0.809017, -0.309017, 0.0, 0.0, 0.0, 0.0, 1.0 ], [ 0.5, -0.809017, 0.309017, 0.0, -0.809017, -0.309017, 0.5, 0.0, -0.309017, -0.5, -0.809017, 0.0, 0.0, 0.0, 0.0, 1.0 ], [ 0.309017, 0.5, 0.809017, 0.0, -0.5, 0.809017, -0.309017, 0.0, -0.809017, -0.309017, 0.5, 0.0, 0.0, 0.0, 0.0, 1.0 ], [ -1.0, 0.0, 0.0, 0.0, 0.0, -1.0, 0.0, 0.0, 0.0, 0.0, 1.0, 0.0, 0.0, 0.0, 0.0, 1.0 ], [ 0.0, 0.0, -1.0, 0.0, -1.0, 0.0, 0.0, 0.0, 0.0, 1.0, 0.0, 0.0, 0.0, 0.0, 0.0, 1.0 ], [ 0.0, -1.0, 0.0, 0.0, 0.0, 0.0, -1.0, 0.0, 1.0, 0.0, 0.0, 0.0, 0.0, 0.0, 0.0, 1.0 ], [ -0.809017, -0.309017, -0.5, 0.0, -0.309017, -0.5, 0.809017, 0.0, -0.5, 0.809017, 0.309017, 0.0, 0.0, 0.0, 0.0, 1.0 ], [ 0.5, -0.809017, -0.309017, 0.0, -0.809017, -0.309017, -0.5, 0.0, 0.309017, 0.5, -0.809017, 0.0, 0.0, 0.0, 0.0, 1.0 ], [ -0.309017, -0.5, 0.809017, 0.0, 0.5, -0.809017, -0.309017, 0.0, 0.809017, 0.309017, 0.5, 0.0, 0.0, 0.0, 0.0, 1.0 ], [ -0.5, -0.809017, -0.309017, 0.0, -0.809017, 0.309017, 0.5, 0.0, -0.309017, 0.5, -0.809017, 0.0, 0.0, 0.0, 0.0, 1.0 ], [ 0.309017, -0.5, 0.809017, 0.0, -0.5, -0.809017, -0.309017, 0.0, 0.809017, -0.309017, -0.5, 0.0, 0.0, 0.0, 0.0, 1.0 ], [ -0.809017, 0.309017, 0.5, 0.0, 0.309017, -0.5, 0.809017, 0.0, 0.5, 0.809017, 0.309017, 0.0, 0.0, 0.0, 0.0, 1.0 ], [ -0.5, -0.809017, 0.309017, 0.0, -0.809017, 0.309017, -0.5, 0.0, 0.309017, -0.5, -0.809017, 0.0, 0.0, 0.0, 0.0, 1.0 ], [ -0.309017, 0.5, 0.809017, 0.0, -0.5, -0.809017, 0.309017, 0.0, 0.809017, -0.309017, 0.5, 0.0, 0.0, 0.0, 0.0, 1.0 ], [ -0.809017, 0.309017, -0.5, 0.0, -0.309017, 0.5, 0.809017, 0.0, 0.5, 0.809017, -0.309017, 0.0, 0.0, 0.0, 0.0, 1.0 ], [ -0.809017, -0.309017, 0.5, 0.0, -0.309017, -0.5, -0.809017, 0.0, 0.5, -0.809017, 0.309017, 0.0, 0.0, 0.0, 0.0, 1.0 ], [ -0.5, 0.809017, -0.309017, 0.0, -0.809017, -0.309017, 0.5, 0.0, 0.309017, 0.5, 0.809017, 0.0, 0.0, 0.0, 0.0, 1.0 ], [ -0.309017, -0.5, -0.809017, 0.0, -0.5, 0.809017, -0.309017, 0.0, 0.809017, 0.309017, -0.5, 0.0, 0.0, 0.0, 0.0, 1.0 ], [ -1.0, 0.0, 0.0, 0.0, 0.0, 1.0, 0.0, 0.0, 0.0, 0.0, -1.0, 0.0, 0.0, 0.0, 0.0, 1.0 ], [ 0.0, 0.0, -1.0, 0.0, 1.0, 0.0, 0.0, 0.0, 0.0, -1.0, 0.0, 0.0, 0.0, 0.0, 0.0, 1.0 ], [ 0.0, -1.0, 0.0, 0.0, 0.0, 0.0, 1.0, 0.0, -1.0, 0.0, 0.0, 0.0, 0.0, 0.0, 0.0, 1.0 ], [ -0.809017, -0.309017, -0.5, 0.0, 0.309017, 0.5, -0.809017, 0.0, 0.5, -0.809017, -0.309017, 0.0, 0.0, 0.0, 0.0, 1.0 ], [ 0.5, -0.809017, -0.309017, 0.0, 0.809017, 0.309017, 0.5, 0.0, -0.309017, -0.5, 0.809017, 0.0, 0.0, 0.0, 0.0, 1.0 ], [ -0.309017, -0.5, 0.809017, 0.0, -0.5, 0.809017, 0.309017, 0.0, -0.809017, -0.309017, -0.5, 0.0, 0.0, 0.0, 0.0, 1.0 ], [ -0.5, -0.809017, -0.309017, 0.0, 0.809017, -0.309017, -0.5, 0.0, 0.309017, -0.5, 0.809017, 0.0, 0.0, 0.0, 0.0, 1.0 ], [ 0.309017, -0.5, 0.809017, 0.0, 0.5, 0.809017, 0.309017, 0.0, -0.809017, 0.309017, 0.5, 0.0, 0.0, 0.0, 0.0, 1.0 ], [ -0.809017, 0.309017, 0.5, 0.0, -0.309017, 0.5, -0.809017, 0.0, -0.5, -0.809017, -0.309017, 0.0, 0.0, 0.0, 0.0, 1.0 ], [ -0.5, -0.809017, 0.309017, 0.0, 0.809017, -0.309017, 0.5, 0.0, -0.309017, 0.5, 0.809017, 0.0, 0.0, 0.0, 0.0, 1.0 ], [ -0.309017, 0.5, 0.809017, 0.0, 0.5, 0.809017, -0.309017, 0.0, -0.809017, 0.309017, -0.5, 0.0, 0.0, 0.0, 0.0, 1.0 ], [ -0.809017, 0.309017, -0.5, 0.0, 0.309017, -0.5, -0.809017, 0.0, -0.5, -0.809017, 0.309017, 0.0, 0.0, 0.0, 0.0, 1.0 ], [ -0.809017, -0.309017, 0.5, 0.0, 0.309017, 0.5, 0.809017, 0.0, -0.5, 0.809017, -0.309017, 0.0, 0.0, 0.0, 0.0, 1.0 ], [ -0.5, 0.809017, -0.309017, 0.0, 0.809017, 0.309017, -0.5, 0.0, -0.309017, -0.5, -0.809017, 0.0, 0.0, 0.0, 0.0, 1.0 ], [ -0.309017, -0.5, -0.809017, 0.0, 0.5, -0.809017, 0.309017, 0.0, -0.809017, -0.309017, 0.5, 0.0, 0.0, 0.0, 0.0, 1.0 ] ],
  "lights" : {
    "directionalLights" : [ {
      "direction" : [ 1.0, -1.0, -1.0 ],
      "color" : "#EBEBE4"
    }, {
      "direction" : [ -1.0, 0.0, 0.0 ],
      "color" : "#E4E4EB"
    }, {
      "direction" : [ 0.0, 0.0, -1.0 ],
      "color" : "#1E1E1E"
    } ],
    "ambientColor" : "#292929",
    "backgroundColor" : "#2B3842"
  },
  "camera" : {
    "position" : {
      "x" : 29.034441,
      "y" : 223.62236,
      "z" : -618.7214
    },
    "width" : 296.0036,
    "perspective" : false,
    "viewDistance" : 657.7858,
    "lookDirectionRV" : {
      "x" : 0.0,
      "y" : -0.3568221,
      "z" : 0.93417233,
      "zero" : false
    },
    "upDirectionRV" : {
      "x" : 0.50000006,
      "y" : 0.809017,
      "z" : 0.309017,
      "zero" : false
    },
    "lookAtPointRV" : {
      "x" : 29.034441,
      "y" : -11.09017,
      "z" : -4.236068,
      "zero" : false
    },
    "fieldOfView" : 0.44262883,
    "nearClipDistance" : 1.6444646,
    "lookAtPoint" : {
      "x" : 29.034441,
      "y" : -11.09017,
      "z" : -4.236068
    },
    "farClipDistance" : 1315.5712,
    "lookDirection" : {
      "x" : 0.0,
      "y" : -0.3568221,
      "z" : 0.93417233
    },
    "upDirection" : {
      "x" : 0.50000006,
      "y" : 0.809017,
      "z" : 0.309017
    },
    "stereo" : false
  },
  "embedding" : [ 1.0, 0.0, 0.0, 0.0, 0.0, 1.0, 0.0, 0.0, 0.0, 0.0, 1.0, 0.0, 0.0, 0.0, 0.0, 1.0 ],
  "shapes" : [ {
    "id" : "ec8fb64c-a618-44c2-b3c4-5c0a5ac54220",
    "orbit" : "blue",
    "orbitC" : "[[0,0,1],[0,0,1]]",
    "length" : "[\"1\",\"0\",\"1\"]",
    "name" : "b1",
    "vertices" : [ {
      "x" : 7.472136,
      "y" : 0.309017,
      "z" : 0.19098301
    }, {
      "x" : 7.472136,
      "y" : 0.309017,
      "z" : -0.19098301
    }, {
      "x" : 1.0,
      "y" : 0.309017,
      "z" : -0.19098301
    }, {
      "x" : 1.0,
      "y" : 0.309017,
      "z" : 0.19098301
    }, {
      "x" : 7.472136,
      "y" : -0.309017,
      "z" : 0.19098301
    }, {
      "x" : 1.0,
      "y" : -0.309017,
      "z" : 0.19098301
    }, {
      "x" : 1.0,
      "y" : -0.309017,
      "z" : -0.19098301
    }, {
      "x" : 7.472136,
      "y" : -0.309017,
      "z" : -0.19098301
    }, {
      "x" : 8.472136,
      "y" : 0.0,
      "z" : 0.0
    } ],
    "faces" : [ {
      "vertices" : [ 1, 7, 6, 2 ]
    }, {
      "vertices" : [ 0, 1, 2, 3 ]
    }, {
      "vertices" : [ 4, 5, 6, 7 ]
    }, {
      "vertices" : [ 0, 3, 5, 4 ]
    } ]
  }, {
    "id" : "a659183d-fcca-4dc1-a3a0-ffa713b848b0",
    "name" : "ball",
    "vertices" : [ {
      "x" : 0.309017,
      "y" : -0.809017,
      "z" : 0.618034
    }, {
      "x" : 0.809017,
      "y" : -0.618034,
      "z" : 0.309017
    }, {
      "x" : 0.618034,
      "y" : -0.309017,
      "z" : 0.809017
    }, {
      "x" : 1.0,
      "y" : 0.309017,
      "z" : 0.19098301
    }, {
      "x" : 0.809017,
      "y" : 0.618034,
      "z" : 0.309017
    }, {
      "x" : 0.618034,
      "y" : 0.309017,
      "z" : 0.809017
    }, {
      "x" : 0.809017,
      "y" : 0.0,
      "z" : 0.690983
    }, {
      "x" : 0.19098301,
      "y" : -1.0,
      "z" : 0.309017
    }, {
      "x" : -0.19098301,
      "y" : -1.0,
      "z" : 0.309017
    }, {
      "x" : -0.19098301,
      "y" : -1.0,
      "z" : -0.309017
    }, {
      "x" : 0.19098301,
      "y" : -1.0,
      "z" : -0.309017
    }, {
      "x" : 1.0,
      "y" : -0.309017,
      "z" : -0.19098301
    }, {
      "x" : 0.809017,
      "y" : -0.618034,
      "z" : -0.309017
    }, {
      "x" : 0.618034,
      "y" : -0.309017,
      "z" : -0.809017
    }, {
      "x" : 0.809017,
      "y" : 0.0,
      "z" : -0.690983
    }, {
      "x" : 0.0,
      "y" : 0.690983,
      "z" : -0.809017
    }, {
      "x" : 0.309017,
      "y" : 0.809017,
      "z" : -0.618034
    }, {
      "x" : 0.618034,
      "y" : 0.309017,
      "z" : -0.809017
    }, {
      "x" : 0.309017,
      "y" : 0.19098301,
      "z" : -1.0
    }, {
      "x" : 1.0,
      "y" : 0.309017,
      "z" : -0.19098301
    }, {
      "x" : -0.309017,
      "y" : -0.809017,
      "z" : 0.618034
    }, {
      "x" : 0.0,
      "y" : -0.690983,
      "z" : 0.809017
    }, {
      "x" : 0.809017,
      "y" : 0.618034,
      "z" : -0.309017
    }, {
      "x" : 0.690983,
      "y" : 0.809017,
      "z" : 0.0
    }, {
      "x" : -0.690983,
      "y" : 0.809017,
      "z" : 0.0
    }, {
      "x" : -0.809017,
      "y" : 0.618034,
      "z" : 0.309017
    }, {
      "x" : -0.309017,
      "y" : 0.809017,
      "z" : 0.618034
    }, {
      "x" : -0.19098301,
      "y" : 1.0,
      "z" : 0.309017
    }, {
      "x" : 0.309017,
      "y" : -0.19098301,
      "z" : -1.0
    }, {
      "x" : 0.19098301,
      "y" : 1.0,
      "z" : 0.309017
    }, {
      "x" : 0.309017,
      "y" : 0.809017,
      "z" : 0.618034
    }, {
      "x" : -0.809017,
      "y" : -0.618034,
      "z" : 0.309017
    }, {
      "x" : -0.690983,
      "y" : -0.809017,
      "z" : 0.0
    }, {
      "x" : 0.0,
      "y" : 0.690983,
      "z" : 0.809017
    }, {
      "x" : 0.309017,
      "y" : -0.809017,
      "z" : -0.618034
    }, {
      "x" : 0.0,
      "y" : -0.690983,
      "z" : -0.809017
    }, {
      "x" : -1.0,
      "y" : 0.309017,
      "z" : 0.19098301
    }, {
      "x" : -0.809017,
      "y" : 0.0,
      "z" : 0.690983
    }, {
      "x" : -0.618034,
      "y" : 0.309017,
      "z" : 0.809017
    }, {
      "x" : 1.0,
      "y" : -0.309017,
      "z" : 0.19098301
    }, {
      "x" : -0.309017,
      "y" : -0.809017,
      "z" : -0.618034
    }, {
      "x" : -1.0,
      "y" : 0.309017,
      "z" : -0.19098301
    }, {
      "x" : -1.0,
      "y" : -0.309017,
      "z" : -0.19098301
    }, {
      "x" : -1.0,
      "y" : -0.309017,
      "z" : 0.19098301
    }, {
      "x" : 0.19098301,
      "y" : 1.0,
      "z" : -0.309017
    }, {
      "x" : -0.809017,
      "y" : 0.618034,
      "z" : -0.309017
    }, {
      "x" : -0.19098301,
      "y" : 1.0,
      "z" : -0.309017
    }, {
      "x" : -0.309017,
      "y" : 0.809017,
      "z" : -0.618034
    }, {
      "x" : -0.618034,
      "y" : -0.309017,
      "z" : 0.809017
    }, {
      "x" : 0.309017,
      "y" : 0.19098301,
      "z" : 1.0
    }, {
      "x" : -0.309017,
      "y" : 0.19098301,
      "z" : -1.0
    }, {
      "x" : -0.309017,
      "y" : 0.19098301,
      "z" : 1.0
    }, {
      "x" : -0.309017,
      "y" : -0.19098301,
      "z" : 1.0
    }, {
      "x" : 0.309017,
      "y" : -0.19098301,
      "z" : 1.0
    }, {
      "x" : 0.690983,
      "y" : -0.809017,
      "z" : 0.0
    }, {
      "x" : -0.809017,
      "y" : 0.0,
      "z" : -0.690983
    }, {
      "x" : -0.618034,
      "y" : -0.309017,
      "z" : -0.809017
    }, {
      "x" : -0.309017,
      "y" : -0.19098301,
      "z" : -1.0
    }, {
      "x" : -0.618034,
      "y" : 0.309017,
      "z" : -0.809017
    }, {
      "x" : -0.809017,
      "y" : -0.618034,
      "z" : -0.309017
    } ],
    "faces" : [ {
      "vertices" : [ 9, 40, 35, 34, 10 ]
    }, {
      "vertices" : [ 0, 1, 2 ]
    }, {
      "vertices" : [ 33, 51, 49 ]
    }, {
      "vertices" : [ 25, 36, 37, 38 ]
    }, {
      "vertices" : [ 41, 55, 42 ]
    }, {
      "vertices" : [ 9, 32, 59, 40 ]
    }, {
      "vertices" : [ 20, 21, 52, 48 ]
    }, {
      "vertices" : [ 26, 33, 30, 29, 27 ]
    }, {
      "vertices" : [ 3, 4, 5, 6 ]
    }, {
      "vertices" : [ 27, 29, 44, 46 ]
    }, {
      "vertices" : [ 50, 57, 56, 55, 58 ]
    }, {
      "vertices" : [ 26, 38, 51, 33 ]
    }, {
      "vertices" : [ 45, 47, 58 ]
    }, {
      "vertices" : [ 18, 28, 57, 50 ]
    }, {
      "vertices" : [ 40, 59, 56 ]
    }, {
      "vertices" : [ 31, 48, 37, 43 ]
    }, {
      "vertices" : [ 7, 8, 9, 10 ]
    }, {
      "vertices" : [ 36, 41, 42, 43 ]
    }, {
      "vertices" : [ 24, 46, 47, 45 ]
    }, {
      "vertices" : [ 4, 30, 5 ]
    }, {
      "vertices" : [ 15, 47, 46, 44, 16 ]
    }, {
      "vertices" : [ 15, 50, 58, 47 ]
    }, {
      "vertices" : [ 24, 45, 41, 36, 25 ]
    }, {
      "vertices" : [ 11, 14, 19 ]
    }, {
      "vertices" : [ 3, 6, 39 ]
    }, {
      "vertices" : [ 1, 39, 6, 2 ]
    }, {
      "vertices" : [ 8, 32, 9 ]
    }, {
      "vertices" : [ 11, 12, 13, 14 ]
    }, {
      "vertices" : [ 16, 22, 17 ]
    }, {
      "vertices" : [ 0, 21, 20, 8, 7 ]
    }, {
      "vertices" : [ 12, 34, 13 ]
    }, {
      "vertices" : [ 35, 40, 56, 57 ]
    }, {
      "vertices" : [ 0, 7, 54, 1 ]
    }, {
      "vertices" : [ 15, 16, 17, 18 ]
    }, {
      "vertices" : [ 3, 19, 22, 23, 4 ]
    }, {
      "vertices" : [ 7, 10, 54 ]
    }, {
      "vertices" : [ 41, 45, 58, 55 ]
    }, {
      "vertices" : [ 3, 39, 11, 19 ]
    }, {
      "vertices" : [ 14, 17, 22, 19 ]
    }, {
      "vertices" : [ 0, 2, 53, 21 ]
    }, {
      "vertices" : [ 49, 51, 52, 53 ]
    }, {
      "vertices" : [ 31, 43, 42, 59, 32 ]
    }, {
      "vertices" : [ 15, 18, 50 ]
    }, {
      "vertices" : [ 42, 55, 56, 59 ]
    }, {
      "vertices" : [ 4, 23, 29, 30 ]
    }, {
      "vertices" : [ 25, 38, 26 ]
    }, {
      "vertices" : [ 13, 28, 18, 17, 14 ]
    }, {
      "vertices" : [ 8, 20, 31, 32 ]
    }, {
      "vertices" : [ 23, 44, 29 ]
    }, {
      "vertices" : [ 24, 27, 46 ]
    }, {
      "vertices" : [ 37, 48, 52, 51, 38 ]
    }, {
      "vertices" : [ 20, 48, 31 ]
    }, {
      "vertices" : [ 24, 25, 26, 27 ]
    }, {
      "vertices" : [ 16, 44, 23, 22 ]
    }, {
      "vertices" : [ 13, 34, 35, 28 ]
    }, {
      "vertices" : [ 10, 34, 12, 54 ]
    }, {
      "vertices" : [ 2, 6, 5, 49, 53 ]
    }, {
      "vertices" : [ 36, 43, 37 ]
    }, {
      "vertices" : [ 5, 30, 33, 49 ]
    }, {
      "vertices" : [ 1, 54, 12, 11, 39 ]
    }, {
      "vertices" : [ 28, 35, 57 ]
    }, {
      "vertices" : [ 21, 53, 52 ]
    } ]
  }, {
    "id" : "25ab26b0-ed22-48f7-846c-40987897e73d",
    "orbit" : "red",
    "orbitC" : "[[-1,1,1],[0,0,1]]",
    "length" : "[\"1\",\"0\",\"1\"]",
    "name" : "r1",
    "vertices" : [ {
      "x" : 2.618034,
      "y" : 1.736068,
      "z" : 0.309017
    }, {
      "x" : 4.236068,
      "y" : 2.5,
      "z" : 0.309017
    }, {
      "x" : 4.045085,
      "y" : 2.809017,
      "z" : 0.19098301
    }, {
      "x" : 0.809017,
      "y" : 0.618034,
      "z" : -0.309017
    }, {
      "x" : 0.690983,
      "y" : 0.809017,
      "z" : 0.0
    }, {
      "x" : 2.5,
      "y" : 1.927051,
      "z" : 0.0
    }, {
      "x" : 2.618034,
      "y" : 1.736068,
      "z" : -0.309017
    }, {
      "x" : 6.045085,
      "y" : 3.618034,
      "z" : 0.309017
    }, {
      "x" : 2.809017,
      "y" : 1.427051,
      "z" : 0.19098301
    }, {
      "x" : 2.809017,
      "y" : 1.427051,
      "z" : -0.19098301
    }, {
      "x" : 4.354102,
      "y" : 2.309017,
      "z" : 0.0
    }, {
      "x" : 4.236068,
      "y" : 2.5,
      "z" : -0.309017
    }, {
      "x" : 6.163119,
      "y" : 3.427051,
      "z" : 0.0
    }, {
      "x" : 1.0,
      "y" : 0.309017,
      "z" : 0.19098301
    }, {
      "x" : 1.0,
      "y" : 0.309017,
      "z" : -0.19098301
    }, {
      "x" : 0.809017,
      "y" : 0.618034,
      "z" : 0.309017
    }, {
      "x" : 5.854102,
      "y" : 3.927051,
      "z" : 0.19098301
    }, {
      "x" : 6.045085,
      "y" : 3.618034,
      "z" : -0.309017
    }, {
      "x" : 5.854102,
      "y" : 3.927051,
      "z" : -0.19098301
    }, {
      "x" : 6.854102,
      "y" : 4.236068,
      "z" : 0.0
    }, {
      "x" : 4.045085,
      "y" : 2.809017,
      "z" : -0.19098301
    } ],
    "faces" : [ {
      "vertices" : [ 3, 6, 9, 14 ]
    }, {
      "vertices" : [ 11, 20, 18, 17 ]
    }, {
      "vertices" : [ 0, 1, 2 ]
    }, {
      "vertices" : [ 0, 15, 13, 8 ]
    }, {
      "vertices" : [ 6, 20, 11 ]
    }, {
      "vertices" : [ 0, 2, 5 ]
    }, {
      "vertices" : [ 0, 8, 1 ]
    }, {
      "vertices" : [ 8, 13, 14, 9 ]
    }, {
      "vertices" : [ 3, 4, 5, 6 ]
    }, {
      "vertices" : [ 10, 11, 17, 12 ]
    }, {
      "vertices" : [ 1, 8, 10 ]
    }, {
      "vertices" : [ 0, 5, 4, 15 ]
    }, {
      "vertices" : [ 2, 16, 18, 20 ]
    }, {
      "vertices" : [ 1, 7, 16, 2 ]
    }, {
      "vertices" : [ 6, 11, 9 ]
    }, {
      "vertices" : [ 8, 9, 10 ]
    }, {
      "vertices" : [ 2, 20, 5 ]
    }, {
      "vertices" : [ 9, 11, 10 ]
    }, {
      "vertices" : [ 1, 10, 12, 7 ]
    }, {
      "vertices" : [ 5, 20, 6 ]
    } ]
  } ],
  "instances" : [ {
    "shape" : "ec8fb64c-a618-44c2-b3c4-5c0a5ac54220",
    "color" : "#007695",
    "position" : {
      "x" : 11.09017,
      "y" : -53.832817,
      "z" : -20.562305
    },
    "orientation" : 1
  }, {
    "shape" : "a659183d-fcca-4dc1-a3a0-ffa713b848b0",
    "color" : "#F2F2F2",
    "position" : {
      "x" : 22.18034,
      "y" : -63.30495,
      "z" : -27.416409
    }
  }, {
    "shape" : "ec8fb64c-a618-44c2-b3c4-5c0a5ac54220",
    "color" : "#007695",
    "position" : {
      "x" : -19.562305,
      "y" : -17.944271,
      "z" : -6.854102
    },
    "orientation" : 9
  }, {
    "shape" : "25ab26b0-ed22-48f7-846c-40987897e73d",
    "color" : "#AF0000",
    "position" : {
      "x" : 68.15905,
      "y" : 46.978714,
      "z" : 14.708204
    },
    "orientation" : 15
  }, {
    "shape" : "a659183d-fcca-4dc1-a3a0-ffa713b848b0",
    "color" : "#F2F2F2",
    "position" : {
      "x" : 6.854102,
      "y" : 17.944271,
      "z" : 5.236068
    }
  }, {
    "shape" : "25ab26b0-ed22-48f7-846c-40987897e73d",
    "color" : "#AF0000",
    "position" : {
      "x" : 37.506577,
      "y" : 17.944271,
      "z" : 5.236068
    },
    "orientation" : 0
  }, {
    "shape" : "ec8fb64c-a618-44c2-b3c4-5c0a5ac54220",
    "color" : "#007695",
    "position" : {
      "x" : -15.326238,
      "y" : -2.618034,
      "z" : -4.236068
    },
    "orientation" : 51
  }, {
    "shape" : "a659183d-fcca-4dc1-a3a0-ffa713b848b0",
    "color" : "#F2F2F2",
    "position" : {
      "x" : -4.236068,
      "y" : 35.888542,
      "z" : 12.09017
    }
  }, {
    "shape" : "ec8fb64c-a618-44c2-b3c4-5c0a5ac54220",
    "color" : "#007695",
    "position" : {
      "x" : -23.798374,
      "y" : -53.832817,
      "z" : -18.944271
    },
    "orientation" : 0
  }, {
    "shape" : "25ab26b0-ed22-48f7-846c-40987897e73d",
    "color" : "#AF0000",
    "position" : {
      "x" : 26.416409,
      "y" : -29.034441,
      "z" : -11.09017
    },
    "orientation" : 0
  }, {
    "shape" : "a659183d-fcca-4dc1-a3a0-ffa713b848b0",
    "color" : "#F2F2F2",
    "position" : {
      "x" : -39.12461,
      "y" : -6.854102,
      "z" : -4.236068
    }
  }, {
    "shape" : "a659183d-fcca-4dc1-a3a0-ffa713b848b0",
    "color" : "#F2F2F2",
    "position" : {
      "x" : -19.562305,
      "y" : -24.798374,
      "z" : -11.09017
    }
  }, {
    "shape" : "ec8fb64c-a618-44c2-b3c4-5c0a5ac54220",
    "color" : "#007695",
    "position" : {
      "x" : -15.326238,
      "y" : 24.798374,
      "z" : 9.472136
    },
    "orientation" : 9
  }, {
    "shape" : "ec8fb64c-a618-44c2-b3c4-5c0a5ac54220",
    "color" : "#007695",
    "position" : {
      "x" : -23.798374,
      "y" : -31.652475,
      "z" : -13.708204
    },
    "orientation" : 0
  }, {
    "shape" : "a659183d-fcca-4dc1-a3a0-ffa713b848b0",
    "color" : "#F2F2F2",
    "position" : {
      "x" : 55.45085,
      "y" : -46.978714,
      "z" : -16.326239
    }
  }, {
    "shape" : "a659183d-fcca-4dc1-a3a0-ffa713b848b0",
    "color" : "#F2F2F2",
    "position" : {
      "x" : 68.15905,
      "y" : -11.09017,
      "z" : -4.236068
    }
  }, {
    "shape" : "25ab26b0-ed22-48f7-846c-40987897e73d",
    "color" : "#AF0000",
    "position" : {
      "x" : 13.708204,
      "y" : 20.562305,
      "z" : 9.472136
    },
    "orientation" : 45
  }, {
    "shape" : "ec8fb64c-a618-44c2-b3c4-5c0a5ac54220",
    "color" : "#007695",
    "position" : {
      "x" : 13.708204,
      "y" : 20.562305,
      "z" : 9.472136
    },
    "orientation" : 24
  }, {
    "shape" : "ec8fb64c-a618-44c2-b3c4-5c0a5ac54220",
    "color" : "#007695",
    "position" : {
      "x" : 55.45085,
      "y" : -46.978714,
      "z" : -16.326239
    },
    "orientation" : 9
  }, {
    "shape" : "a659183d-fcca-4dc1-a3a0-ffa713b848b0",
    "color" : "#F2F2F2",
    "position" : {
      "x" : -30.652475,
      "y" : -29.034441,
      "z" : -9.472136
    }
  }, {
    "shape" : "25ab26b0-ed22-48f7-846c-40987897e73d",
    "color" : "#AF0000",
    "position" : {
      "x" : 2.618034,
      "y" : -53.832817,
      "z" : -20.562305
    },
    "orientation" : 45
  }, {
    "shape" : "a659183d-fcca-4dc1-a3a0-ffa713b848b0",
    "color" : "#F2F2F2",
    "position" : {
      "x" : 2.618034,
      "y" : -74.39512,
      "z" : -30.034441
    }
  }, {
    "shape" : "25ab26b0-ed22-48f7-846c-40987897e73d",
    "color" : "#AF0000",
    "position" : {
      "x" : 37.506577,
      "y" : -31.652475,
      "z" : -13.708204
    },
    "orientation" : 16
  }, {
    "shape" : "25ab26b0-ed22-48f7-846c-40987897e73d",
    "color" : "#AF0000",
    "position" : {
      "x" : 17.944271,
      "y" : 6.854102,
      "z" : 2.618034
    },
    "orientation" : 45
  }, {
    "shape" : "ec8fb64c-a618-44c2-b3c4-5c0a5ac54220",
    "color" : "#007695",
    "position" : {
      "x" : 2.618034,
      "y" : -45.36068,
      "z" : -20.562305
    },
    "orientation" : 38
  }, {
    "shape" : "a659183d-fcca-4dc1-a3a0-ffa713b848b0",
    "color" : "#F2F2F2",
    "position" : {
      "x" : 33.27051,
      "y" : -74.39512,
      "z" : -30.034441
    }
  }, {
    "shape" : "25ab26b0-ed22-48f7-846c-40987897e73d",
    "color" : "#AF0000",
    "position" : {
      "x" : 41.742645,
      "y" : -45.36068,
      "z" : -20.562305
    },
    "orientation" : 15
  }, {
    "shape" : "ec8fb64c-a618-44c2-b3c4-5c0a5ac54220",
    "color" : "#007695",
    "position" : {
      "x" : 11.09017,
      "y" : 4.236068,
      "z" : -1.618034
    },
    "orientation" : 36
  }, {
    "shape" : "ec8fb64c-a618-44c2-b3c4-5c0a5ac54220",
    "color" : "#007695",
    "position" : {
      "x" : 26.416409,
      "y" : 6.854102,
      "z" : 2.618034
    },
    "orientation" : 45
  }, {
    "shape" : "ec8fb64c-a618-44c2-b3c4-5c0a5ac54220",
    "color" : "#007695",
    "position" : {
      "x" : 6.854102,
      "y" : -11.09017,
      "z" : -4.236068
    },
    "orientation" : 24
  }, {
    "shape" : "ec8fb64c-a618-44c2-b3c4-5c0a5ac54220",
    "color" : "#007695",
    "position" : {
      "x" : 75.01315,
      "y" : -29.034441,
      "z" : -9.472136
    },
    "orientation" : 53
  }, {
    "shape" : "ec8fb64c-a618-44c2-b3c4-5c0a5ac54220",
    "color" : "#007695",
    "position" : {
      "x" : 37.506577,
      "y" : -2.618034,
      "z" : -4.236068
    },
    "orientation" : 45
  }, {
    "shape" : "ec8fb64c-a618-44c2-b3c4-5c0a5ac54220",
    "color" : "#007695",
    "position" : {
      "x" : -50.214783,
      "y" : 11.09017,
      "z" : 2.618034
    },
    "orientation" : 9
  }, {
    "shape" : "25ab26b0-ed22-48f7-846c-40987897e73d",
    "color" : "#AF0000",
    "position" : {
      "x" : 22.18034,
      "y" : 42.742645,
      "z" : 14.708204
    },
    "orientation" : 1
  }, {
    "shape" : "ec8fb64c-a618-44c2-b3c4-5c0a5ac54220",
    "color" : "#007695",
    "position" : {
      "x" : -15.326238,
      "y" : -11.09017,
      "z" : -4.236068
    },
    "orientation" : 1
  }, {
    "shape" : "a659183d-fcca-4dc1-a3a0-ffa713b848b0",
    "color" : "#F2F2F2",
    "position" : {
      "x" : -45.978714,
      "y" : -11.09017,
      "z" : -4.236068
    }
  }, {
    "shape" : "a659183d-fcca-4dc1-a3a0-ffa713b848b0",
    "color" : "#F2F2F2",
    "position" : {
      "x" : -4.236068,
      "y" : 29.034441,
      "z" : 7.854102
    }
  }, {
    "shape" : "25ab26b0-ed22-48f7-846c-40987897e73d",
    "color" : "#AF0000",
    "position" : {
      "x" : 37.506577,
      "y" : -11.09017,
      "z" : -4.236068
    },
    "orientation" : 0
  }, {
    "shape" : "ec8fb64c-a618-44c2-b3c4-5c0a5ac54220",
    "color" : "#007695",
    "position" : {
      "x" : -4.236068,
      "y" : 29.034441,
      "z" : 7.854102
    },
    "orientation" : 36
  }, {
    "shape" : "a659183d-fcca-4dc1-a3a0-ffa713b848b0",
    "color" : "#F2F2F2",
    "position" : {
      "x" : 94.57546,
      "y" : -24.798374,
      "z" : -11.09017
    }
  }, {
    "shape" : "a659183d-fcca-4dc1-a3a0-ffa713b848b0",
    "color" : "#F2F2F2",
    "position" : {
      "x" : 33.27051,
      "y" : 38.506577,
      "z" : 16.326239
    }
  }, {
    "shape" : "a659183d-fcca-4dc1-a3a0-ffa713b848b0",
    "color" : "#F2F2F2",
    "position" : {
      "x" : 68.15905,
      "y" : 46.978714,
      "z" : 14.708204
    }
  }, {
    "shape" : "a659183d-fcca-4dc1-a3a0-ffa713b848b0",
    "color" : "#F2F2F2",
    "position" : {
      "x" : 11.09017,
      "y" : -53.832817,
      "z" : -20.562305
    }
  }, {
    "shape" : "25ab26b0-ed22-48f7-846c-40987897e73d",
    "color" : "#AF0000",
    "position" : {
      "x" : 0.0,
      "y" : -15.326238,
      "z" : -4.236068
    },
    "orientation" : 0
  }, {
    "shape" : "a659183d-fcca-4dc1-a3a0-ffa713b848b0",
    "color" : "#F2F2F2",
    "position" : {
      "x" : 72.39512,
      "y" : -46.978714,
      "z" : -16.326239
    }
  }, {
    "shape" : "ec8fb64c-a618-44c2-b3c4-5c0a5ac54220",
    "color" : "#007695",
    "position" : {
      "x" : 6.854102,
      "y" : -2.618034,
      "z" : -4.236068
    },
    "orientation" : 16
  }, {
    "shape" : "a659183d-fcca-4dc1-a3a0-ffa713b848b0",
    "color" : "#F2F2F2",
    "position" : {
      "x" : -45.978714,
      "y" : -31.652475,
      "z" : -13.708204
    }
  }, {
    "shape" : "ec8fb64c-a618-44c2-b3c4-5c0a5ac54220",
    "color" : "#007695",
    "position" : {
      "x" : -4.236068,
      "y" : 29.034441,
      "z" : 7.854102
    },
    "orientation" : 24
  }, {
    "shape" : "ec8fb64c-a618-44c2-b3c4-5c0a5ac54220",
    "color" : "#007695",
    "position" : {
      "x" : 37.506577,
      "y" : -2.618034,
      "z" : -4.236068
    },
    "orientation" : 16
  }, {
    "shape" : "a659183d-fcca-4dc1-a3a0-ffa713b848b0",
    "color" : "#F2F2F2",
    "position" : {
      "x" : 79.24922,
      "y" : -42.742645,
      "z" : -16.326239
    }
  }, {
    "shape" : "ec8fb64c-a618-44c2-b3c4-5c0a5ac54220",
    "color" : "#007695",
    "position" : {
      "x" : -15.326238,
      "y" : 46.978714,
      "z" : 14.708204
    },
    "orientation" : 45
  }, {
    "shape" : "ec8fb64c-a618-44c2-b3c4-5c0a5ac54220",
    "color" : "#007695",
    "position" : {
      "x" : 68.15905,
      "y" : -11.09017,
      "z" : -4.236068
    },
    "orientation" : 45
  }, {
    "shape" : "a659183d-fcca-4dc1-a3a0-ffa713b848b0",
    "color" : "#F2F2F2",
    "position" : {
      "x" : 11.09017,
      "y" : -24.798374,
      "z" : -11.09017
    }
  }, {
    "shape" : "a659183d-fcca-4dc1-a3a0-ffa713b848b0",
    "color" : "#F2F2F2",
    "position" : {
      "x" : 13.708204,
      "y" : -35.888542,
      "z" : -13.708204
    }
  }, {
    "shape" : "25ab26b0-ed22-48f7-846c-40987897e73d",
    "color" : "#AF0000",
    "position" : {
      "x" : -30.652475,
      "y" : -15.326238,
      "z" : -4.236068
    },
    "orientation" : 0
  }, {
    "shape" : "25ab26b0-ed22-48f7-846c-40987897e73d",
    "color" : "#AF0000",
    "position" : {
      "x" : -30.652475,
      "y" : 42.742645,
      "z" : 14.708204
    },
    "orientation" : 0
  }, {
    "shape" : "25ab26b0-ed22-48f7-846c-40987897e73d",
    "color" : "#AF0000",
    "position" : {
      "x" : 17.944271,
      "y" : -70.15905,
      "z" : -30.034441
    },
    "orientation" : 30
  }, {
    "shape" : "a659183d-fcca-4dc1-a3a0-ffa713b848b0",
    "color" : "#F2F2F2",
    "position" : {
      "x" : 4.236068,
      "y" : -22.18034,
      "z" : -6.854102
    }
  }, {
    "shape" : "25ab26b0-ed22-48f7-846c-40987897e73d",
    "color" : "#AF0000",
    "position" : {
      "x" : 0.0,
      "y" : 13.708204,
      "z" : 5.236068
    },
    "orientation" : 0
  }, {
    "shape" : "a659183d-fcca-4dc1-a3a0-ffa713b848b0",
    "color" : "#F2F2F2",
    "position" : {
      "x" : 26.416409,
      "y" : -42.742645,
      "z" : -16.326239
    }
  }, {
    "shape" : "a659183d-fcca-4dc1-a3a0-ffa713b848b0",
    "color" : "#F2F2F2",
    "position" : {
      "x" : -23.798374,
      "y" : -60.686916,
      "z" : -23.18034
    }
  }, {
    "shape" : "ec8fb64c-a618-44c2-b3c4-5c0a5ac54220",
    "color" : "#007695",
    "position" : {
      "x" : 41.742645,
      "y" : 38.506577,
      "z" : 16.326239
    },
    "orientation" : 26
  }, {
    "shape" : "ec8fb64c-a618-44c2-b3c4-5c0a5ac54220",
    "color" : "#007695",
    "position" : {
      "x" : -23.798374,
      "y" : -11.09017,
      "z" : -4.236068
    },
    "orientation" : 1
  }, {
    "shape" : "ec8fb64c-a618-44c2-b3c4-5c0a5ac54220",
    "color" : "#007695",
    "position" : {
      "x" : -8.472136,
      "y" : -15.326238,
      "z" : -4.236068
    },
    "orientation" : 1
  }, {
    "shape" : "25ab26b0-ed22-48f7-846c-40987897e73d",
    "color" : "#AF0000",
    "position" : {
      "x" : -30.652475,
      "y" : 13.708204,
      "z" : 5.236068
    },
    "orientation" : 0
  }, {
    "shape" : "a659183d-fcca-4dc1-a3a0-ffa713b848b0",
    "color" : "#F2F2F2",
    "position" : {
      "x" : 70.777084,
      "y" : 6.854102,
      "z" : 2.618034
    }
  }, {
    "shape" : "a659183d-fcca-4dc1-a3a0-ffa713b848b0",
    "color" : "#F2F2F2",
    "position" : {
      "x" : 11.09017,
      "y" : -45.36068,
      "z" : -20.562305
    }
  }, {
    "shape" : "ec8fb64c-a618-44c2-b3c4-5c0a5ac54220",
    "color" : "#007695",
    "position" : {
      "x" : 83.48529,
      "y" : -29.034441,
      "z" : -9.472136
    },
    "orientation" : 9
  }, {
    "shape" : "a659183d-fcca-4dc1-a3a0-ffa713b848b0",
    "color" : "#F2F2F2",
    "position" : {
      "x" : 17.944271,
      "y" : 27.416409,
      "z" : 12.09017
    }
  }, {
    "shape" : "ec8fb64c-a618-44c2-b3c4-5c0a5ac54220",
    "color" : "#007695",
    "position" : {
      "x" : 72.39512,
      "y" : -46.978714,
      "z" : -16.326239
    },
    "orientation" : 26
  }, {
    "shape" : "ec8fb64c-a618-44c2-b3c4-5c0a5ac54220",
    "color" : "#007695",
    "position" : {
      "x" : -1.618034,
      "y" : 45.36068,
      "z" : 18.944271
    },
    "orientation" : 24
  }, {
    "shape" : "a659183d-fcca-4dc1-a3a0-ffa713b848b0",
    "color" : "#F2F2F2",
    "position" : {
      "x" : 11.09017,
      "y" : 4.236068,
      "z" : -1.618034
    }
  }, {
    "shape" : "ec8fb64c-a618-44c2-b3c4-5c0a5ac54220",
    "color" : "#007695",
    "position" : {
      "x" : 33.27051,
      "y" : 52.214783,
      "z" : 21.562305
    },
    "orientation" : 36
  }, {
    "shape" : "25ab26b0-ed22-48f7-846c-40987897e73d",
    "color" : "#AF0000",
    "position" : {
      "x" : 2.618034,
      "y" : -67.54102,
      "z" : -25.798374
    },
    "orientation" : 16
  }, {
    "shape" : "ec8fb64c-a618-44c2-b3c4-5c0a5ac54220",
    "color" : "#007695",
    "position" : {
      "x" : 52.832817,
      "y" : 0.0,
      "z" : 0.0
    },
    "orientation" : 26
  }, {
    "shape" : "25ab26b0-ed22-48f7-846c-40987897e73d",
    "color" : "#AF0000",
    "position" : {
      "x" : -15.326238,
      "y" : -53.832817,
      "z" : -18.944271
    },
    "orientation" : 16
  }, {
    "shape" : "a659183d-fcca-4dc1-a3a0-ffa713b848b0",
    "color" : "#F2F2F2",
    "position" : {
      "x" : -4.236068,
      "y" : 56.45085,
      "z" : 21.562305
    }
  }, {
    "shape" : "a659183d-fcca-4dc1-a3a0-ffa713b848b0",
    "color" : "#F2F2F2",
    "position" : {
      "x" : 37.506577,
      "y" : -31.652475,
      "z" : -13.708204
    }
  }, {
    "shape" : "ec8fb64c-a618-44c2-b3c4-5c0a5ac54220",
    "color" : "#007695",
    "position" : {
      "x" : 83.48529,
      "y" : 13.708204,
      "z" : 5.236068
    },
    "orientation" : 45
  }, {
    "shape" : "a659183d-fcca-4dc1-a3a0-ffa713b848b0",
    "color" : "#F2F2F2",
    "position" : {
      "x" : 59.686916,
      "y" : -11.09017,
      "z" : -4.236068
    }
  }, {
    "shape" : "25ab26b0-ed22-48f7-846c-40987897e73d",
    "color" : "#AF0000",
    "position" : {
      "x" : 29.034441,
      "y" : 45.36068,
      "z" : 18.944271
    },
    "orientation" : 45
  }, {
    "shape" : "25ab26b0-ed22-48f7-846c-40987897e73d",
    "color" : "#AF0000",
    "position" : {
      "x" : 44.36068,
      "y" : -35.888542,
      "z" : -13.708204
    },
    "orientation" : 45
  }, {
    "shape" : "ec8fb64c-a618-44c2-b3c4-5c0a5ac54220",
    "color" : "#007695",
    "position" : {
      "x" : 41.742645,
      "y" : 38.506577,
      "z" : 16.326239
    },
    "orientation" : 9
  }, {
    "shape" : "25ab26b0-ed22-48f7-846c-40987897e73d",
    "color" : "#AF0000",
    "position" : {
      "x" : -23.798374,
      "y" : -60.686916,
      "z" : -23.18034
    },
    "orientation" : 45
  }, {
    "shape" : "a659183d-fcca-4dc1-a3a0-ffa713b848b0",
    "color" : "#F2F2F2",
    "position" : {
      "x" : -8.472136,
      "y" : -6.854102,
      "z" : -4.236068
    }
  }, {
    "shape" : "ec8fb64c-a618-44c2-b3c4-5c0a5ac54220",
    "color" : "#007695",
    "position" : {
      "x" : 52.832817,
      "y" : -63.30495,
      "z" : -27.416409
    },
    "orientation" : 36
  }, {
    "shape" : "25ab26b0-ed22-48f7-846c-40987897e73d",
    "color" : "#AF0000",
    "position" : {
      "x" : 6.854102,
      "y" : -2.618034,
      "z" : -4.236068
    },
    "orientation" : 30
  }, {
    "shape" : "25ab26b0-ed22-48f7-846c-40987897e73d",
    "color" : "#AF0000",
    "position" : {
      "x" : 57.068882,
      "y" : -22.18034,
      "z" : -6.854102
    },
    "orientation" : 0
  }, {
    "shape" : "25ab26b0-ed22-48f7-846c-40987897e73d",
    "color" : "#AF0000",
    "position" : {
      "x" : 70.777084,
      "y" : -22.18034,
      "z" : -6.854102
    },
    "orientation" : 45
  }, {
    "shape" : "a659183d-fcca-4dc1-a3a0-ffa713b848b0",
    "color" : "#F2F2F2",
    "position" : {
      "x" : 59.686916,
      "y" : -31.652475,
      "z" : -13.708204
    }
  }, {
    "shape" : "ec8fb64c-a618-44c2-b3c4-5c0a5ac54220",
    "color" : "#007695",
    "position" : {
      "x" : 68.15905,
      "y" : 24.798374,
      "z" : 9.472136
    },
    "orientation" : 9
  }, {
    "shape" : "a659183d-fcca-4dc1-a3a0-ffa713b848b0",
    "color" : "#F2F2F2",
    "position" : {
      "x" : 11.09017,
      "y" : 38.506577,
      "z" : 16.326239
    }
  }, {
    "shape" : "a659183d-fcca-4dc1-a3a0-ffa713b848b0",
    "color" : "#F2F2F2",
    "position" : {
      "x" : -15.326238,
      "y" : -60.686916,
      "z" : -23.18034
    }
  }, {
    "shape" : "ec8fb64c-a618-44c2-b3c4-5c0a5ac54220",
    "color" : "#007695",
    "position" : {
      "x" : 2.618034,
      "y" : 52.214783,
      "z" : 21.562305
    },
    "orientation" : 1
  }, {
    "shape" : "ec8fb64c-a618-44c2-b3c4-5c0a5ac54220",
    "color" : "#007695",
    "position" : {
      "x" : 75.01315,
      "y" : -35.888542,
      "z" : -13.708204
    },
    "orientation" : 24
  }, {
    "shape" : "ec8fb64c-a618-44c2-b3c4-5c0a5ac54220",
    "color" : "#007695",
    "position" : {
      "x" : 83.48529,
      "y" : 13.708204,
      "z" : 5.236068
    },
    "orientation" : 1
  }, {
    "shape" : "a659183d-fcca-4dc1-a3a0-ffa713b848b0",
    "color" : "#F2F2F2",
    "position" : {
      "x" : 87.72136,
      "y" : 6.854102,
      "z" : 2.618034
    }
  }, {
    "shape" : "25ab26b0-ed22-48f7-846c-40987897e73d",
    "color" : "#AF0000",
    "position" : {
      "x" : -8.472136,
      "y" : -6.854102,
      "z" : -4.236068
    },
    "orientation" : 45
  }, {
    "shape" : "a659183d-fcca-4dc1-a3a0-ffa713b848b0",
    "color" : "#F2F2F2",
    "position" : {
      "x" : 68.15905,
      "y" : 24.798374,
      "z" : 9.472136
    }
  }, {
    "shape" : "ec8fb64c-a618-44c2-b3c4-5c0a5ac54220",
    "color" : "#007695",
    "position" : {
