{
  "polygons" : "true",
  "field" : "golden",
  "symmetry" : "icosahedral",
  "orientations" : [ [ 1.0, 0.0, 0.0, 0.0, 0.0, 1.0, 0.0, 0.0, 0.0, 0.0, 1.0, 0.0, 0.0, 0.0, 0.0, 1.0 ], [ 0.0, 0.0, 1.0, 0.0, 1.0, 0.0, 0.0, 0.0, 0.0, 1.0, 0.0, 0.0, 0.0, 0.0, 0.0, 1.0 ], [ 0.0, 1.0, 0.0, 0.0, 0.0, 0.0, 1.0, 0.0, 1.0, 0.0, 0.0, 0.0, 0.0, 0.0, 0.0, 1.0 ], [ 0.809017, 0.309017, 0.5, 0.0, 0.309017, 0.5, -0.809017, 0.0, -0.5, 0.809017, 0.309017, 0.0, 0.0, 0.0, 0.0, 1.0 ], [ -0.5, 0.809017, 0.309017, 0.0, 0.809017, 0.309017, 0.5, 0.0, 0.309017, 0.5, -0.809017, 0.0, 0.0, 0.0, 0.0, 1.0 ], [ 0.309017, 0.5, -0.809017, 0.0, -0.5, 0.809017, 0.309017, 0.0, 0.809017, 0.309017, 0.5, 0.0, 0.0, 0.0, 0.0, 1.0 ], [ 0.5, 0.809017, 0.309017, 0.0, 0.809017, -0.309017, -0.5, 0.0, -0.309017, 0.5, -0.809017, 0.0, 0.0, 0.0, 0.0, 1.0 ], [ -0.309017, 0.5, -0.809017, 0.0, 0.5, 0.809017, 0.309017, 0.0, 0.809017, -0.309017, -0.5, 0.0, 0.0, 0.0, 0.0, 1.0 ], [ 0.809017, -0.309017, -0.5, 0.0, -0.309017, 0.5, -0.809017, 0.0, 0.5, 0.809017, 0.309017, 0.0, 0.0, 0.0, 0.0, 1.0 ], [ 0.5, 0.809017, -0.309017, 0.0, 0.809017, -0.309017, 0.5, 0.0, 0.309017, -0.5, -0.809017, 0.0, 0.0, 0.0, 0.0, 1.0 ], [ 0.309017, -0.5, -0.809017, 0.0, 0.5, 0.809017, -0.309017, 0.0, 0.809017, -0.309017, 0.5, 0.0, 0.0, 0.0, 0.0, 1.0 ], [ 0.809017, -0.309017, 0.5, 0.0, 0.309017, -0.5, -0.809017, 0.0, 0.5, 0.809017, -0.309017, 0.0, 0.0, 0.0, 0.0, 1.0 ], [ 0.809017, 0.309017, -0.5, 0.0, 0.309017, 0.5, 0.809017, 0.0, 0.5, -0.809017, 0.309017, 0.0, 0.0, 0.0, 0.0, 1.0 ], [ 0.5, -0.809017, 0.309017, 0.0, 0.809017, 0.309017, -0.5, 0.0, 0.309017, 0.5, 0.809017, 0.0, 0.0, 0.0, 0.0, 1.0 ], [ 0.309017, 0.5, 0.809017, 0.0, 0.5, -0.809017, 0.309017, 0.0, 0.809017, 0.309017, -0.5, 0.0, 0.0, 0.0, 0.0, 1.0 ], [ 1.0, 0.0, 0.0, 0.0, 0.0, -1.0, 0.0, 0.0, 0.0, 0.0, -1.0, 0.0, 0.0, 0.0, 0.0, 1.0 ], [ 0.0, 0.0, 1.0, 0.0, -1.0, 0.0, 0.0, 0.0, 0.0, -1.0, 0.0, 0.0, 0.0, 0.0, 0.0, 1.0 ], [ 0.0, 1.0, 0.0, 0.0, 0.0, 0.0, -1.0, 0.0, -1.0, 0.0, 0.0, 0.0, 0.0, 0.0, 0.0, 1.0 ], [ 0.809017, 0.309017, 0.5, 0.0, -0.309017, -0.5, 0.809017, 0.0, 0.5, -0.809017, -0.309017, 0.0, 0.0, 0.0, 0.0, 1.0 ], [ -0.5, 0.809017, 0.309017, 0.0, -0.809017, -0.309017, -0.5, 0.0, -0.309017, -0.5, 0.809017, 0.0, 0.0, 0.0, 0.0, 1.0 ], [ 0.309017, 0.5, -0.809017, 0.0, 0.5, -0.809017, -0.309017, 0.0, -0.809017, -0.309017, -0.5, 0.0, 0.0, 0.0, 0.0, 1.0 ], [ 0.5, 0.809017, 0.309017, 0.0, -0.809017, 0.309017, 0.5, 0.0, 0.309017, -0.5, 0.809017, 0.0, 0.0, 0.0, 0.0, 1.0 ], [ -0.309017, 0.5, -0.809017, 0.0, -0.5, -0.809017, -0.309017, 0.0, -0.809017, 0.309017, 0.5, 0.0, 0.0, 0.0, 0.0, 1.0 ], [ 0.809017, -0.309017, -0.5, 0.0, 0.309017, -0.5, 0.809017, 0.0, -0.5, -0.809017, -0.309017, 0.0, 0.0, 0.0, 0.0, 1.0 ], [ 0.5, 0.809017, -0.309017, 0.0, -0.809017, 0.309017, -0.5, 0.0, -0.309017, 0.5, 0.809017, 0.0, 0.0, 0.0, 0.0, 1.0 ], [ 0.309017, -0.5, -0.809017, 0.0, -0.5, -0.809017, 0.309017, 0.0, -0.809017, 0.309017, -0.5, 0.0, 0.0, 0.0, 0.0, 1.0 ], [ 0.809017, -0.309017, 0.5, 0.0, -0.309017, 0.5, 0.809017, 0.0, -0.5, -0.809017, 0.309017, 0.0, 0.0, 0.0, 0.0, 1.0 ], [ 0.809017, 0.309017, -0.5, 0.0, -0.309017, -0.5, -0.809017, 0.0, -0.5, 0.809017, -0.309017, 0.0, 0.0, 0.0, 0.0, 1.0 ], [ 0.5, -0.809017, 0.309017, 0.0, -0.809017, -0.309017, 0.5, 0.0, -0.309017, -0.5, -0.809017, 0.0, 0.0, 0.0, 0.0, 1.0 ], [ 0.309017, 0.5, 0.809017, 0.0, -0.5, 0.809017, -0.309017, 0.0, -0.809017, -0.309017, 0.5, 0.0, 0.0, 0.0, 0.0, 1.0 ], [ -1.0, 0.0, 0.0, 0.0, 0.0, -1.0, 0.0, 0.0, 0.0, 0.0, 1.0, 0.0, 0.0, 0.0, 0.0, 1.0 ], [ 0.0, 0.0, -1.0, 0.0, -1.0, 0.0, 0.0, 0.0, 0.0, 1.0, 0.0, 0.0, 0.0, 0.0, 0.0, 1.0 ], [ 0.0, -1.0, 0.0, 0.0, 0.0, 0.0, -1.0, 0.0, 1.0, 0.0, 0.0, 0.0, 0.0, 0.0, 0.0, 1.0 ], [ -0.809017, -0.309017, -0.5, 0.0, -0.309017, -0.5, 0.809017, 0.0, -0.5, 0.809017, 0.309017, 0.0, 0.0, 0.0, 0.0, 1.0 ], [ 0.5, -0.809017, -0.309017, 0.0, -0.809017, -0.309017, -0.5, 0.0, 0.309017, 0.5, -0.809017, 0.0, 0.0, 0.0, 0.0, 1.0 ], [ -0.309017, -0.5, 0.809017, 0.0, 0.5, -0.809017, -0.309017, 0.0, 0.809017, 0.309017, 0.5, 0.0, 0.0, 0.0, 0.0, 1.0 ], [ -0.5, -0.809017, -0.309017, 0.0, -0.809017, 0.309017, 0.5, 0.0, -0.309017, 0.5, -0.809017, 0.0, 0.0, 0.0, 0.0, 1.0 ], [ 0.309017, -0.5, 0.809017, 0.0, -0.5, -0.809017, -0.309017, 0.0, 0.809017, -0.309017, -0.5, 0.0, 0.0, 0.0, 0.0, 1.0 ], [ -0.809017, 0.309017, 0.5, 0.0, 0.309017, -0.5, 0.809017, 0.0, 0.5, 0.809017, 0.309017, 0.0, 0.0, 0.0, 0.0, 1.0 ], [ -0.5, -0.809017, 0.309017, 0.0, -0.809017, 0.309017, -0.5, 0.0, 0.309017, -0.5, -0.809017, 0.0, 0.0, 0.0, 0.0, 1.0 ], [ -0.309017, 0.5, 0.809017, 0.0, -0.5, -0.809017, 0.309017, 0.0, 0.809017, -0.309017, 0.5, 0.0, 0.0, 0.0, 0.0, 1.0 ], [ -0.809017, 0.309017, -0.5, 0.0, -0.309017, 0.5, 0.809017, 0.0, 0.5, 0.809017, -0.309017, 0.0, 0.0, 0.0, 0.0, 1.0 ], [ -0.809017, -0.309017, 0.5, 0.0, -0.309017, -0.5, -0.809017, 0.0, 0.5, -0.809017, 0.309017, 0.0, 0.0, 0.0, 0.0, 1.0 ], [ -0.5, 0.809017, -0.309017, 0.0, -0.809017, -0.309017, 0.5, 0.0, 0.309017, 0.5, 0.809017, 0.0, 0.0, 0.0, 0.0, 1.0 ], [ -0.309017, -0.5, -0.809017, 0.0, -0.5, 0.809017, -0.309017, 0.0, 0.809017, 0.309017, -0.5, 0.0, 0.0, 0.0, 0.0, 1.0 ], [ -1.0, 0.0, 0.0, 0.0, 0.0, 1.0, 0.0, 0.0, 0.0, 0.0, -1.0, 0.0, 0.0, 0.0, 0.0, 1.0 ], [ 0.0, 0.0, -1.0, 0.0, 1.0, 0.0, 0.0, 0.0, 0.0, -1.0, 0.0, 0.0, 0.0, 0.0, 0.0, 1.0 ], [ 0.0, -1.0, 0.0, 0.0, 0.0, 0.0, 1.0, 0.0, -1.0, 0.0, 0.0, 0.0, 0.0, 0.0, 0.0, 1.0 ], [ -0.809017, -0.309017, -0.5, 0.0, 0.309017, 0.5, -0.809017, 0.0, 0.5, -0.809017, -0.309017, 0.0, 0.0, 0.0, 0.0, 1.0 ], [ 0.5, -0.809017, -0.309017, 0.0, 0.809017, 0.309017, 0.5, 0.0, -0.309017, -0.5, 0.809017, 0.0, 0.0, 0.0, 0.0, 1.0 ], [ -0.309017, -0.5, 0.809017, 0.0, -0.5, 0.809017, 0.309017, 0.0, -0.809017, -0.309017, -0.5, 0.0, 0.0, 0.0, 0.0, 1.0 ], [ -0.5, -0.809017, -0.309017, 0.0, 0.809017, -0.309017, -0.5, 0.0, 0.309017, -0.5, 0.809017, 0.0, 0.0, 0.0, 0.0, 1.0 ], [ 0.309017, -0.5, 0.809017, 0.0, 0.5, 0.809017, 0.309017, 0.0, -0.809017, 0.309017, 0.5, 0.0, 0.0, 0.0, 0.0, 1.0 ], [ -0.809017, 0.309017, 0.5, 0.0, -0.309017, 0.5, -0.809017, 0.0, -0.5, -0.809017, -0.309017, 0.0, 0.0, 0.0, 0.0, 1.0 ], [ -0.5, -0.809017, 0.309017, 0.0, 0.809017, -0.309017, 0.5, 0.0, -0.309017, 0.5, 0.809017, 0.0, 0.0, 0.0, 0.0, 1.0 ], [ -0.309017, 0.5, 0.809017, 0.0, 0.5, 0.809017, -0.309017, 0.0, -0.809017, 0.309017, -0.5, 0.0, 0.0, 0.0, 0.0, 1.0 ], [ -0.809017, 0.309017, -0.5, 0.0, 0.309017, -0.5, -0.809017, 0.0, -0.5, -0.809017, 0.309017, 0.0, 0.0, 0.0, 0.0, 1.0 ], [ -0.809017, -0.309017, 0.5, 0.0, 0.309017, 0.5, 0.809017, 0.0, -0.5, 0.809017, -0.309017, 0.0, 0.0, 0.0, 0.0, 1.0 ], [ -0.5, 0.809017, -0.309017, 0.0, 0.809017, 0.309017, -0.5, 0.0, -0.309017, -0.5, -0.809017, 0.0, 0.0, 0.0, 0.0, 1.0 ], [ -0.309017, -0.5, -0.809017, 0.0, 0.5, -0.809017, 0.309017, 0.0, -0.809017, -0.309017, 0.5, 0.0, 0.0, 0.0, 0.0, 1.0 ] ],
  "lights" : {
    "directionalLights" : [ {
      "direction" : [ 1.0, -1.0, -1.0 ],
      "color" : "#EBEBE4"
    }, {
      "direction" : [ -1.0, 0.0, 0.0 ],
      "color" : "#E4E4EB"
    }, {
      "direction" : [ 0.0, 0.0, -1.0 ],
      "color" : "#1E1E1E"
    } ],
    "backgroundColor" : "#2B3842",
    "ambientColor" : "#292929"
  },
  "camera" : {
    "position" : {
      "x" : 0.0,
      "y" : 0.0,
      "z" : 40.0
    },
    "width" : 18.0,
    "perspective" : true,
    "upDirectionRV" : {
      "x" : 0.0,
      "y" : 1.0,
      "z" : 0.0,
      "zero" : false
    },
    "fieldOfView" : 0.44262886,
    "lookAtPointRV" : {
      "x" : 0.0,
      "y" : 0.0,
      "z" : 0.0,
      "zero" : true
    },
    "lookDirectionRV" : {
      "x" : 0.0,
      "y" : 0.0,
      "z" : -1.0,
      "zero" : false
    },
    "viewDistance" : 40.0,
    "nearClipDistance" : 0.1,
    "lookAtPoint" : {
      "x" : 0.0,
      "y" : 0.0,
      "z" : 0.0
    },
    "stereo" : false,
    "upDirection" : {
      "x" : 0.0,
      "y" : 1.0,
      "z" : 0.0
    },
    "lookDirection" : {
      "x" : 0.0,
      "y" : 0.0,
      "z" : -1.0
    },
    "farClipDistance" : 80.0
  },
  "embedding" : [ 1.0, 0.0, 0.0, 0.0, 0.0, 1.0, 0.0, 0.0, 0.0, 0.0, 1.0, 0.0, 0.0, 0.0, 0.0, 1.0 ],
  "shapes" : [ {
    "id" : "d9284ea2-e978-4299-ad12-e24b82e2955b",
    "name" : "ball",
    "vertices" : [ {
      "x" : 0.309017,
      "y" : -0.809017,
      "z" : 0.618034
    }, {
      "x" : 0.809017,
      "y" : -0.618034,
      "z" : 0.309017
    }, {
      "x" : 0.618034,
      "y" : -0.309017,
      "z" : 0.809017
    }, {
      "x" : 1.0,
      "y" : 0.309017,
      "z" : 0.19098301
    }, {
      "x" : 0.809017,
      "y" : 0.618034,
      "z" : 0.309017
    }, {
      "x" : 0.618034,
      "y" : 0.309017,
      "z" : 0.809017
    }, {
      "x" : 0.809017,
      "y" : 0.0,
      "z" : 0.690983
    }, {
      "x" : 0.19098301,
      "y" : -1.0,
      "z" : 0.309017
    }, {
      "x" : -0.19098301,
      "y" : -1.0,
      "z" : 0.309017
    }, {
      "x" : -0.19098301,
      "y" : -1.0,
      "z" : -0.309017
    }, {
      "x" : 0.19098301,
      "y" : -1.0,
      "z" : -0.309017
    }, {
      "x" : 1.0,
      "y" : -0.309017,
      "z" : -0.19098301
    }, {
      "x" : 0.809017,
      "y" : -0.618034,
      "z" : -0.309017
    }, {
      "x" : 0.618034,
      "y" : -0.309017,
      "z" : -0.809017
    }, {
      "x" : 0.809017,
      "y" : 0.0,
      "z" : -0.690983
    }, {
      "x" : 0.0,
      "y" : 0.690983,
      "z" : -0.809017
    }, {
      "x" : 0.309017,
      "y" : 0.809017,
      "z" : -0.618034
    }, {
      "x" : 0.618034,
      "y" : 0.309017,
      "z" : -0.809017
    }, {
      "x" : 0.309017,
      "y" : 0.19098301,
      "z" : -1.0
    }, {
      "x" : 1.0,
      "y" : 0.309017,
      "z" : -0.19098301
    }, {
      "x" : -0.309017,
      "y" : -0.809017,
      "z" : 0.618034
    }, {
      "x" : 0.0,
      "y" : -0.690983,
      "z" : 0.809017
    }, {
      "x" : 0.809017,
      "y" : 0.618034,
      "z" : -0.309017
    }, {
      "x" : 0.690983,
      "y" : 0.809017,
      "z" : 0.0
    }, {
      "x" : -0.690983,
      "y" : 0.809017,
      "z" : 0.0
    }, {
      "x" : -0.809017,
      "y" : 0.618034,
      "z" : 0.309017
    }, {
      "x" : -0.309017,
      "y" : 0.809017,
      "z" : 0.618034
    }, {
      "x" : -0.19098301,
      "y" : 1.0,
      "z" : 0.309017
    }, {
      "x" : 0.309017,
      "y" : -0.19098301,
      "z" : -1.0
    }, {
      "x" : 0.19098301,
      "y" : 1.0,
      "z" : 0.309017
    }, {
      "x" : 0.309017,
      "y" : 0.809017,
      "z" : 0.618034
    }, {
      "x" : -0.809017,
      "y" : -0.618034,
      "z" : 0.309017
    }, {
      "x" : -0.690983,
      "y" : -0.809017,
      "z" : 0.0
    }, {
      "x" : 0.0,
      "y" : 0.690983,
      "z" : 0.809017
    }, {
      "x" : 0.309017,
      "y" : -0.809017,
      "z" : -0.618034
    }, {
      "x" : 0.0,
      "y" : -0.690983,
      "z" : -0.809017
    }, {
      "x" : -1.0,
      "y" : 0.309017,
      "z" : 0.19098301
    }, {
      "x" : -0.809017,
      "y" : 0.0,
      "z" : 0.690983
    }, {
      "x" : -0.618034,
      "y" : 0.309017,
      "z" : 0.809017
    }, {
      "x" : 1.0,
      "y" : -0.309017,
      "z" : 0.19098301
    }, {
      "x" : -0.309017,
      "y" : -0.809017,
      "z" : -0.618034
    }, {
      "x" : -1.0,
      "y" : 0.309017,
      "z" : -0.19098301
    }, {
      "x" : -1.0,
      "y" : -0.309017,
      "z" : -0.19098301
    }, {
      "x" : -1.0,
      "y" : -0.309017,
      "z" : 0.19098301
    }, {
      "x" : 0.19098301,
      "y" : 1.0,
      "z" : -0.309017
    }, {
      "x" : -0.809017,
      "y" : 0.618034,
      "z" : -0.309017
    }, {
      "x" : -0.19098301,
      "y" : 1.0,
      "z" : -0.309017
    }, {
      "x" : -0.309017,
      "y" : 0.809017,
      "z" : -0.618034
    }, {
      "x" : -0.618034,
      "y" : -0.309017,
      "z" : 0.809017
    }, {
      "x" : 0.309017,
      "y" : 0.19098301,
      "z" : 1.0
    }, {
      "x" : -0.309017,
      "y" : 0.19098301,
      "z" : -1.0
    }, {
      "x" : -0.309017,
      "y" : 0.19098301,
      "z" : 1.0
    }, {
      "x" : -0.309017,
      "y" : -0.19098301,
      "z" : 1.0
    }, {
      "x" : 0.309017,
      "y" : -0.19098301,
      "z" : 1.0
    }, {
      "x" : 0.690983,
      "y" : -0.809017,
      "z" : 0.0
    }, {
      "x" : -0.809017,
      "y" : 0.0,
      "z" : -0.690983
    }, {
      "x" : -0.618034,
      "y" : -0.309017,
      "z" : -0.809017
    }, {
      "x" : -0.309017,
      "y" : -0.19098301,
      "z" : -1.0
    }, {
      "x" : -0.618034,
      "y" : 0.309017,
      "z" : -0.809017
    }, {
      "x" : -0.809017,
      "y" : -0.618034,
      "z" : -0.309017
    } ],
    "faces" : [ {
      "vertices" : [ 9, 40, 35, 34, 10 ]
    }, {
      "vertices" : [ 0, 1, 2 ]
    }, {
      "vertices" : [ 33, 51, 49 ]
    }, {
      "vertices" : [ 25, 36, 37, 38 ]
    }, {
      "vertices" : [ 41, 55, 42 ]
    }, {
      "vertices" : [ 9, 32, 59, 40 ]
    }, {
      "vertices" : [ 20, 21, 52, 48 ]
    }, {
      "vertices" : [ 26, 33, 30, 29, 27 ]
    }, {
      "vertices" : [ 3, 4, 5, 6 ]
    }, {
      "vertices" : [ 27, 29, 44, 46 ]
    }, {
      "vertices" : [ 50, 57, 56, 55, 58 ]
    }, {
      "vertices" : [ 26, 38, 51, 33 ]
    }, {
      "vertices" : [ 45, 47, 58 ]
    }, {
      "vertices" : [ 18, 28, 57, 50 ]
    }, {
      "vertices" : [ 40, 59, 56 ]
    }, {
      "vertices" : [ 31, 48, 37, 43 ]
    }, {
      "vertices" : [ 7, 8, 9, 10 ]
    }, {
      "vertices" : [ 36, 41, 42, 43 ]
    }, {
      "vertices" : [ 24, 46, 47, 45 ]
    }, {
      "vertices" : [ 4, 30, 5 ]
    }, {
      "vertices" : [ 15, 47, 46, 44, 16 ]
    }, {
      "vertices" : [ 15, 50, 58, 47 ]
    }, {
      "vertices" : [ 24, 45, 41, 36, 25 ]
    }, {
      "vertices" : [ 11, 14, 19 ]
    }, {
      "vertices" : [ 3, 6, 39 ]
    }, {
      "vertices" : [ 1, 39, 6, 2 ]
    }, {
      "vertices" : [ 8, 32, 9 ]
    }, {
      "vertices" : [ 11, 12, 13, 14 ]
    }, {
      "vertices" : [ 16, 22, 17 ]
    }, {
      "vertices" : [ 0, 21, 20, 8, 7 ]
    }, {
      "vertices" : [ 12, 34, 13 ]
    }, {
      "vertices" : [ 35, 40, 56, 57 ]
    }, {
      "vertices" : [ 0, 7, 54, 1 ]
    }, {
      "vertices" : [ 15, 16, 17, 18 ]
    }, {
      "vertices" : [ 3, 19, 22, 23, 4 ]
    }, {
      "vertices" : [ 7, 10, 54 ]
    }, {
      "vertices" : [ 41, 45, 58, 55 ]
    }, {
      "vertices" : [ 3, 39, 11, 19 ]
    }, {
      "vertices" : [ 14, 17, 22, 19 ]
    }, {
      "vertices" : [ 0, 2, 53, 21 ]
    }, {
      "vertices" : [ 49, 51, 52, 53 ]
    }, {
      "vertices" : [ 31, 43, 42, 59, 32 ]
    }, {
      "vertices" : [ 15, 18, 50 ]
    }, {
      "vertices" : [ 42, 55, 56, 59 ]
    }, {
      "vertices" : [ 4, 23, 29, 30 ]
    }, {
      "vertices" : [ 25, 38, 26 ]
    }, {
      "vertices" : [ 13, 28, 18, 17, 14 ]
    }, {
      "vertices" : [ 8, 20, 31, 32 ]
    }, {
      "vertices" : [ 23, 44, 29 ]
    }, {
      "vertices" : [ 24, 27, 46 ]
    }, {
      "vertices" : [ 37, 48, 52, 51, 38 ]
    }, {
      "vertices" : [ 20, 48, 31 ]
    }, {
      "vertices" : [ 24, 25, 26, 27 ]
    }, {
      "vertices" : [ 16, 44, 23, 22 ]
    }, {
      "vertices" : [ 13, 34, 35, 28 ]
    }, {
      "vertices" : [ 10, 34, 12, 54 ]
    }, {
      "vertices" : [ 2, 6, 5, 49, 53 ]
    }, {
      "vertices" : [ 36, 43, 37 ]
    }, {
      "vertices" : [ 5, 30, 33, 49 ]
    }, {
      "vertices" : [ 1, 54, 12, 11, 39 ]
    }, {
      "vertices" : [ 28, 35, 57 ]
    }, {
      "vertices" : [ 21, 53, 52 ]
    } ]
  }, {
    "id" : "2bb19171-4c9f-4b26-a1dd-a3e3e52da38a",
    "orbit" : "blue",
    "orbitC" : "[[0,0,1],[0,0,1]]",
    "length" : "[\"1\",\"0\",\"1\"]",
    "name" : "b1",
    "vertices" : [ {
      "x" : 7.472136,
      "y" : 0.309017,
      "z" : 0.19098301
    }, {
      "x" : 7.472136,
      "y" : 0.309017,
      "z" : -0.19098301
    }, {
      "x" : 1.0,
      "y" : 0.309017,
      "z" : -0.19098301
    }, {
      "x" : 1.0,
      "y" : 0.309017,
      "z" : 0.19098301
    }, {
      "x" : 7.472136,
      "y" : -0.309017,
      "z" : 0.19098301
    }, {
      "x" : 1.0,
      "y" : -0.309017,
      "z" : 0.19098301
    }, {
      "x" : 1.0,
      "y" : -0.309017,
      "z" : -0.19098301
    }, {
      "x" : 7.472136,
      "y" : -0.309017,
      "z" : -0.19098301
    }, {
      "x" : 8.472136,
      "y" : 0.0,
      "z" : 0.0
    } ],
    "faces" : [ {
      "vertices" : [ 1, 7, 6, 2 ]
    }, {
      "vertices" : [ 0, 1, 2, 3 ]
    }, {
      "vertices" : [ 4, 5, 6, 7 ]
    }, {
      "vertices" : [ 0, 3, 5, 4 ]
    } ]
  }, {
    "id" : "1f2542d6-e284-43f1-a53d-7678abb31bf4",
    "orbit" : "red",
    "orbitC" : "[[-1,1,1],[0,0,1]]",
    "length" : "[\"1\",\"0\",\"1\"]",
    "name" : "r1",
    "vertices" : [ {
      "x" : 2.618034,
      "y" : 1.736068,
      "z" : 0.309017
    }, {
      "x" : 4.236068,
      "y" : 2.5,
      "z" : 0.309017
    }, {
      "x" : 4.045085,
      "y" : 2.809017,
      "z" : 0.19098301
    }, {
      "x" : 0.809017,
      "y" : 0.618034,
      "z" : -0.309017
    }, {
      "x" : 0.690983,
      "y" : 0.809017,
      "z" : 0.0
    }, {
      "x" : 2.5,
      "y" : 1.927051,
      "z" : 0.0
    }, {
      "x" : 2.618034,
      "y" : 1.736068,
      "z" : -0.309017
    }, {
      "x" : 6.045085,
      "y" : 3.618034,
      "z" : 0.309017
    }, {
      "x" : 2.809017,
      "y" : 1.427051,
      "z" : 0.19098301
    }, {
      "x" : 2.809017,
      "y" : 1.427051,
      "z" : -0.19098301
    }, {
      "x" : 4.354102,
      "y" : 2.309017,
      "z" : 0.0
    }, {
      "x" : 4.236068,
      "y" : 2.5,
      "z" : -0.309017
    }, {
      "x" : 6.163119,
      "y" : 3.427051,
      "z" : 0.0
    }, {
      "x" : 1.0,
      "y" : 0.309017,
      "z" : 0.19098301
    }, {
      "x" : 1.0,
      "y" : 0.309017,
      "z" : -0.19098301
    }, {
      "x" : 0.809017,
      "y" : 0.618034,
      "z" : 0.309017
    }, {
      "x" : 5.854102,
      "y" : 3.927051,
      "z" : 0.19098301
    }, {
      "x" : 6.045085,
      "y" : 3.618034,
      "z" : -0.309017
    }, {
      "x" : 5.854102,
      "y" : 3.927051,
      "z" : -0.19098301
    }, {
      "x" : 6.854102,
      "y" : 4.236068,
      "z" : 0.0
    }, {
      "x" : 4.045085,
      "y" : 2.809017,
      "z" : -0.19098301
    } ],
    "faces" : [ {
      "vertices" : [ 3, 6, 9, 14 ]
    }, {
      "vertices" : [ 11, 20, 18, 17 ]
    }, {
      "vertices" : [ 0, 1, 2 ]
    }, {
      "vertices" : [ 0, 15, 13, 8 ]
    }, {
      "vertices" : [ 6, 20, 11 ]
    }, {
      "vertices" : [ 0, 2, 5 ]
    }, {
      "vertices" : [ 0, 8, 1 ]
    }, {
      "vertices" : [ 8, 13, 14, 9 ]
    }, {
      "vertices" : [ 3, 4, 5, 6 ]
    }, {
      "vertices" : [ 10, 11, 17, 12 ]
    }, {
      "vertices" : [ 1, 8, 10 ]
    }, {
      "vertices" : [ 0, 5, 4, 15 ]
    }, {
      "vertices" : [ 2, 16, 18, 20 ]
    }, {
      "vertices" : [ 1, 7, 16, 2 ]
    }, {
      "vertices" : [ 6, 11, 9 ]
    }, {
      "vertices" : [ 8, 9, 10 ]
    }, {
      "vertices" : [ 2, 20, 5 ]
    }, {
      "vertices" : [ 9, 11, 10 ]
    }, {
      "vertices" : [ 1, 10, 12, 7 ]
    }, {
      "vertices" : [ 5, 20, 6 ]
    } ]
  }, {
    "id" : "cb68a643-ae10-4ce5-969a-c63a88c24882",
    "orbit" : "yellow",
    "orbitC" : "[[0,0,1],[2,-1,1]]",
    "length" : "[\"1\",\"0\",\"1\"]",
    "name" : "y1",
    "vertices" : [ {
      "x" : 0.809017,
      "y" : 0.0,
      "z" : -0.690983
    }, {
      "x" : 1.0,
      "y" : 0.309017,
      "z" : -0.19098301
    }, {
      "x" : 2.618034,
      "y" : 0.309017,
      "z" : -0.809017
    }, {
      "x" : 2.427051,
      "y" : 0.0,
      "z" : -1.309017
    }, {
      "x" : 5.854102,
      "y" : 0.309017,
      "z" : -2.427051
    }, {
      "x" : 1.0,
      "y" : -0.309017,
      "z" : -0.19098301
    }, {
      "x" : 2.618034,
      "y" : -0.309017,
      "z" : -0.809017
    }, {
      "x" : 4.236068,
      "y" : 0.309017,
      "z" : -1.809017
    }, {
      "x" : 4.427051,
      "y" : 0.0,
      "z" : -1.309017
    }, {
      "x" : 6.854102,
      "y" : 0.0,
      "z" : -2.618034
    }, {
      "x" : 4.236068,
      "y" : -0.309017,
      "z" : -1.809017
    }, {
      "x" : 6.045085,
      "y" : 0.0,
      "z" : -1.927051
    }, {
      "x" : 5.854102,
      "y" : -0.309017,
      "z" : -2.427051
    } ],
    "faces" : [ {
      "vertices" : [ 2, 6, 8 ]
    }, {
      "vertices" : [ 4, 12, 10, 7 ]
    }, {
      "vertices" : [ 2, 8, 7 ]
    }, {
      "vertices" : [ 3, 10, 6 ]
    }, {
      "vertices" : [ 3, 7, 10 ]
    }, {
      "vertices" : [ 0, 1, 2, 3 ]
    }, {
      "vertices" : [ 6, 10, 8 ]
    }, {
      "vertices" : [ 8, 10, 12, 11 ]
    }, {
      "vertices" : [ 2, 7, 3 ]
    }, {
      "vertices" : [ 0, 3, 6, 5 ]
    }, {
      "vertices" : [ 1, 5, 6, 2 ]
    }, {
      "vertices" : [ 4, 7, 8, 11 ]
    } ]
  } ],
  "instances" : [ {
    "shape" : "d9284ea2-e978-4299-ad12-e24b82e2955b",
    "color" : "#F2F2F2",
    "position" : {
      "x" : 0.0,
      "y" : 0.0,
      "z" : 0.0
    }
  } ],
  "scenes" : [ {
    "title" : "How to save notes",
    "content" : "You can create as many pages as you like, using the '+' buttons in either direction.\n\nFor now, only the text and the view of the model are different from one page to the next.  In the next update, each page will allow a different model entirely.\n\nEventually there will be a 'vZome Player' application that will display the pages.\n",
    "view" : {
      "position" : {
        "x" : 0.0,
        "y" : 0.0,
        "z" : 108.73127
      },
      "width" : 48.92907,
      "perspective" : true,
      "upDirectionRV" : {
        "x" : 0.0,
        "y" : 1.0,
        "z" : 0.0,
        "zero" : false
      },
      "fieldOfView" : 0.44262886,
      "lookAtPointRV" : {
        "x" : 0.0,
        "y" : 0.0,
        "z" : 0.0,
        "zero" : true
      },
      "lookDirectionRV" : {
        "x" : 0.0,
        "y" : 0.0,
        "z" : -1.0,
        "zero" : false
      },
      "viewDistance" : 108.73127,
      "nearClipDistance" : 0.27182817,
      "lookAtPoint" : {
        "x" : 0.0,
        "y" : 0.0,
        "z" : 0.0
      },
      "stereo" : false,
      "upDirection" : {
        "x" : 0.0,
        "y" : 1.0,
        "z" : 0.0
      },
      "lookDirection" : {
        "x" : 0.0,
        "y" : 0.0,
        "z" : -1.0
      },
      "farClipDistance" : 217.46254
    },
    "snapshot" : 5
  }, {
    "title" : "Start",
    "content" : "",
    "view" : {
      "position" : {
        "x" : 47.20598,
        "y" : 76.380875,
        "z" : 123.58685
      },
      "width" : 68.74279,
      "perspective" : false,
      "upDirectionRV" : {
        "x" : -0.85065085,
        "y" : 0.5257311,
        "z" : 1.5668007E-8,
        "zero" : false
      },
      "fieldOfView" : 0.4426289,
      "lookAtPointRV" : {
        "x" : 0.0,
        "y" : 0.0,
        "z" : 0.0,
        "zero" : true
      },
      "lookDirectionRV" : {
        "x" : -0.309017,
        "y" : -0.5,
        "z" : -0.809017,
        "zero" : false
      },
      "viewDistance" : 152.76175,
      "nearClipDistance" : 0.3819044,
      "lookAtPoint" : {
        "x" : 0.0,
        "y" : 0.0,
        "z" : 0.0
      },
      "stereo" : false,
      "upDirection" : {
        "x" : -0.85065085,
        "y" : 0.5257311,
        "z" : 1.5668007E-8
      },
      "lookDirection" : {
        "x" : -0.309017,
        "y" : -0.5,
        "z" : -0.809017
      },
      "farClipDistance" : 305.5235
    },
    "snapshot" : 0
  }, {
    "title" : "Quarter",
    "content" : "",
    "view" : {
      "position" : {
        "x" : 47.20598,
        "y" : 76.380875,
        "z" : 123.58685
      },
      "width" : 68.74279,
      "perspective" : false,
      "upDirectionRV" : {
        "x" : -0.85065085,
        "y" : 0.5257311,
        "z" : 1.5668007E-8,
        "zero" : false
      },
      "fieldOfView" : 0.4426289,
      "lookAtPointRV" : {
        "x" : 0.0,
        "y" : 0.0,
        "z" : 0.0,
        "zero" : true
      },
      "lookDirectionRV" : {
        "x" : -0.309017,
        "y" : -0.5,
        "z" : -0.809017,
        "zero" : false
      },
      "viewDistance" : 152.76175,
      "nearClipDistance" : 0.3819044,
      "lookAtPoint" : {
        "x" : 0.0,
        "y" : 0.0,
        "z" : 0.0
      },
      "stereo" : false,
      "upDirection" : {
        "x" : -0.85065085,
        "y" : 0.5257311,
        "z" : 1.5668007E-8
      },
      "lookDirection" : {
        "x" : -0.309017,
        "y" : -0.5,
        "z" : -0.809017
      },
      "farClipDistance" : 305.5235
    },
    "snapshot" : 0
  }, {
    "title" : "Almost Half",
    "content" : "",
    "view" : {
      "position" : {
        "x" : 47.20598,
        "y" : 76.380875,
        "z" : 123.58685
      },
      "width" : 68.74279,
      "perspective" : false,
      "upDirectionRV" : {
        "x" : -0.85065085,
        "y" : 0.5257311,
        "z" : 1.5668007E-8,
        "zero" : false
      },
      "fieldOfView" : 0.4426289,
      "lookAtPointRV" : {
        "x" : 0.0,
        "y" : 0.0,
        "z" : 0.0,
        "zero" : true
      },
      "lookDirectionRV" : {
        "x" : -0.309017,
        "y" : -0.5,
        "z" : -0.809017,
        "zero" : false
      },
      "viewDistance" : 152.76175,
      "nearClipDistance" : 0.3819044,
      "lookAtPoint" : {
        "x" : 0.0,
        "y" : 0.0,
        "z" : 0.0
      },
      "stereo" : false,
      "upDirection" : {
        "x" : -0.85065085,
        "y" : 0.5257311,
        "z" : 1.5668007E-8
      },
      "lookDirection" : {
        "x" : -0.309017,
        "y" : -0.5,
        "z" : -0.809017
      },
      "farClipDistance" : 305.5235
    },
    "snapshot" : 1
  }, {
    "title" : "One Rosette",
    "content" : "",
    "view" : {
      "position" : {
        "x" : 55.396725,
        "y" : 89.63378,
        "z" : 145.0305
      },
      "width" : 80.6704,
      "perspective" : false,
      "upDirectionRV" : {
        "x" : -0.85065085,
        "y" : 0.5257311,
        "z" : 1.5668007E-8,
        "zero" : false
      },
      "fieldOfView" : 0.44262886,
      "lookAtPointRV" : {
        "x" : 0.0,
        "y" : 0.0,
        "z" : 0.0,
        "zero" : true
      },
      "lookDirectionRV" : {
        "x" : -0.309017,
        "y" : -0.5,
        "z" : -0.809017,
        "zero" : false
      },
      "viewDistance" : 179.26756,
      "nearClipDistance" : 0.4481689,
      "lookAtPoint" : {
        "x" : 0.0,
        "y" : 0.0,
        "z" : 0.0
      },
      "stereo" : false,
      "upDirection" : {
        "x" : -0.85065085,
        "y" : 0.5257311,
        "z" : 1.5668007E-8
      },
      "lookDirection" : {
        "x" : -0.309017,
        "y" : -0.5,
        "z" : -0.809017
      },
      "farClipDistance" : 358.53513
    },
    "snapshot" : 2
  }, {
    "title" : "Two",
    "content" : "",
    "view" : {
      "position" : {
        "x" : 136.25397,
        "y" : 220.46355,
        "z" : 356.71753
      },
      "width" : 198.41719,
      "perspective" : false,
      "upDirectionRV" : {
        "x" : -0.85065085,
        "y" : 0.5257311,
        "z" : 1.5668007E-8,
        "zero" : false
      },
      "fieldOfView" : 0.44262886,
      "lookAtPointRV" : {
        "x" : 0.0,
        "y" : 0.0,
        "z" : 0.0,
        "zero" : true
      },
      "lookDirectionRV" : {
        "x" : -0.309017,
        "y" : -0.5,
        "z" : -0.809017,
        "zero" : false
      },
      "viewDistance" : 440.9271,
      "nearClipDistance" : 1.1023177,
      "lookAtPoint" : {
        "x" : 0.0,
        "y" : 0.0,
        "z" : 0.0
      },
      "stereo" : false,
      "upDirection" : {
        "x" : -0.85065085,
        "y" : 0.5257311,
        "z" : 1.5668007E-8
      },
      "lookDirection" : {
        "x" : -0.309017,
        "y" : -0.5,
        "z" : -0.809017
      },
      "farClipDistance" : 881.8542
    },
    "snapshot" : 3
  }, {
    "title" : "Four",
    "content" : "",
    "view" : {
      "position" : {
        "x" : 136.25397,
        "y" : 220.46355,
        "z" : 356.71753
      },
      "width" : 198.41719,
      "perspective" : false,
      "upDirectionRV" : {
        "x" : -0.85065085,
        "y" : 0.5257311,
        "z" : 1.5668007E-8,
        "zero" : false
      },
      "fieldOfView" : 0.44262886,
      "lookAtPointRV" : {
        "x" : 0.0,
        "y" : 0.0,
        "z" : 0.0,
        "zero" : true
      },
      "lookDirectionRV" : {
        "x" : -0.309017,
        "y" : -0.5,
        "z" : -0.809017,
        "zero" : false
      },
      "viewDistance" : 440.9271,
      "nearClipDistance" : 1.1023177,
      "lookAtPoint" : {
        "x" : 0.0,
        "y" : 0.0,
        "z" : 0.0
      },
      "stereo" : false,
      "upDirection" : {
        "x" : -0.85065085,
        "y" : 0.5257311,
        "z" : 1.5668007E-8
      },
      "lookDirection" : {
        "x" : -0.309017,
        "y" : -0.5,
        "z" : -0.809017
      },
      "farClipDistance" : 881.8542
    },
    "snapshot" : 4
  } ],
  "snapshots" : [ [ {
    "shape" : "d9284ea2-e978-4299-ad12-e24b82e2955b",
    "color" : "#F2F2F2",
    "position" : {
      "x" : 0.0,
      "y" : 6.854102,
      "z" : -4.236068
    },
    "orientation" : 0
  }, {
    "shape" : "d9284ea2-e978-4299-ad12-e24b82e2955b",
    "color" : "#F2F2F2",
    "position" : {
      "x" : 2.618034,
      "y" : 4.236068,
      "z" : 6.854102
    },
    "orientation" : 0
  }, {
    "shape" : "2bb19171-4c9f-4b26-a1dd-a3e3e52da38a",
    "color" : "#007695",
    "position" : {
      "x" : 0.0,
      "y" : 0.0,
      "z" : 0.0
    },
    "orientation" : 10
  }, {
    "shape" : "2bb19171-4c9f-4b26-a1dd-a3e3e52da38a",
    "color" : "#007695",
    "position" : {
      "x" : -13.708204,
      "y" : 4.236068,
      "z" : 2.618034
    },
    "orientation" : 54
  }, {
    "shape" : "1f2542d6-e284-43f1-a53d-7678abb31bf4",
    "color" : "#AF0000",
    "position" : {
      "x" : 0.0,
      "y" : 0.0,
      "z" : 0.0
    },
    "orientation" : 46
  }, {
    "shape" : "d9284ea2-e978-4299-ad12-e24b82e2955b",
    "color" : "#F2F2F2",
    "position" : {
      "x" : -6.854102,
      "y" : 4.236068,
      "z" : 0.0
    },
    "orientation" : 0
  }, {
    "shape" : "2bb19171-4c9f-4b26-a1dd-a3e3e52da38a",
    "color" : "#007695",
    "position" : {
      "x" : -6.854102,
      "y" : 4.236068,
      "z" : 0.0
    },
    "orientation" : 54
  }, {
    "shape" : "1f2542d6-e284-43f1-a53d-7678abb31bf4",
    "color" : "#AF0000",
    "position" : {
      "x" : -4.236068,
      "y" : 6.854102,
      "z" : -2.618034
    },
    "orientation" : 45
  }, {
    "shape" : "d9284ea2-e978-4299-ad12-e24b82e2955b",
    "color" : "#F2F2F2",
    "position" : {
      "x" : -24.798374,
      "y" : 8.472136,
      "z" : 4.236068
    },
    "orientation" : 0
  }, {
    "shape" : "cb68a643-ae10-4ce5-969a-c63a88c24882",
    "color" : "#F0A000",
    "position" : {
      "x" : -6.854102,
      "y" : -2.618034,
      "z" : 4.236068
    },
    "orientation" : 38
  }, {
    "shape" : "1f2542d6-e284-43f1-a53d-7678abb31bf4",
    "color" : "#AF0000",
    "position" : {
      "x" : -17.944271,
      "y" : 11.09017,
      "z" : 0.0
    },
    "orientation" : 46
  }, {
    "shape" : "cb68a643-ae10-4ce5-969a-c63a88c24882",
    "color" : "#F0A000",
    "position" : {
      "x" : -11.09017,
      "y" : 11.09017,
      "z" : -2.618034
    },
    "orientation" : 38
  }, {
    "shape" : "1f2542d6-e284-43f1-a53d-7678abb31bf4",
    "color" : "#AF0000",
    "position" : {
      "x" : -11.09017,
      "y" : 11.09017,
      "z" : -2.618034
    },
    "orientation" : 46
  }, {
    "shape" : "2bb19171-4c9f-4b26-a1dd-a3e3e52da38a",
    "color" : "#007695",
    "position" : {
      "x" : 0.0,
      "y" : 0.0,
      "z" : 0.0
    },
    "orientation" : 54
  }, {
    "shape" : "1f2542d6-e284-43f1-a53d-7678abb31bf4",
    "color" : "#AF0000",
    "position" : {
      "x" : -6.854102,
      "y" : 0.0,
      "z" : 2.618034
    },
    "orientation" : 45
  }, {
    "shape" : "1f2542d6-e284-43f1-a53d-7678abb31bf4",
    "color" : "#AF0000",
    "position" : {
      "x" : 0.0,
      "y" : 0.0,
      "z" : 0.0
    },
    "orientation" : 45
  }, {
    "shape" : "d9284ea2-e978-4299-ad12-e24b82e2955b",
    "color" : "#F2F2F2",
    "position" : {
      "x" : -20.562305,
      "y" : 1.618034,
      "z" : 6.854102
    },
    "orientation" : 0
  }, {
    "shape" : "d9284ea2-e978-4299-ad12-e24b82e2955b",
    "color" : "#F2F2F2",
    "position" : {
      "x" : -11.09017,
      "y" : 11.09017,
      "z" : -2.618034
    },
    "orientation" : 0
  }, {
    "shape" : "d9284ea2-e978-4299-ad12-e24b82e2955b",
    "color" : "#F2F2F2",
    "position" : {
      "x" : 0.0,
      "y" : 0.0,
      "z" : 0.0
    },
    "orientation" : 0
  }, {
    "shape" : "d9284ea2-e978-4299-ad12-e24b82e2955b",
    "color" : "#F2F2F2",
    "position" : {
      "x" : -17.944271,
      "y" : 11.09017,
      "z" : 0.0
    },
    "orientation" : 0
  }, {
    "shape" : "d9284ea2-e978-4299-ad12-e24b82e2955b",
    "color" : "#F2F2F2",
    "position" : {
      "x" : -13.708204,
      "y" : -2.618034,
      "z" : 6.854102
    },
    "orientation" : 0
  }, {
    "shape" : "cb68a643-ae10-4ce5-969a-c63a88c24882",
    "color" : "#F0A000",
    "position" : {
      "x" : -17.944271,
      "y" : 17.944271,
      "z" : -4.236068
    },
    "orientation" : 0
  }, {
    "shape" : "2bb19171-4c9f-4b26-a1dd-a3e3e52da38a",
    "color" : "#007695",
    "position" : {
      "x" : 0.0,
      "y" : 0.0,
      "z" : 0.0
    },
    "orientation" : 41
  }, {
    "shape" : "2bb19171-4c9f-4b26-a1dd-a3e3e52da38a",
    "color" : "#007695",
    "position" : {
      "x" : -6.854102,
      "y" : 0.0,
      "z" : 2.618034
    },
    "orientation" : 41
  }, {
    "shape" : "2bb19171-4c9f-4b26-a1dd-a3e3e52da38a",
    "color" : "#007695",
    "position" : {
      "x" : -20.562305,
      "y" : 1.618034,
      "z" : 6.854102
    },
    "orientation" : 23
  }, {
    "shape" : "d9284ea2-e978-4299-ad12-e24b82e2955b",
    "color" : "#F2F2F2",
    "position" : {
      "x" : -13.708204,
      "y" : 4.236068,
      "z" : 2.618034
    },
    "orientation" : 0
  }, {
    "shape" : "d9284ea2-e978-4299-ad12-e24b82e2955b",
    "color" : "#F2F2F2",
    "position" : {
      "x" : -17.944271,
      "y" : 17.944271,
      "z" : -4.236068
    },
    "orientation" : 0
  }, {
    "shape" : "d9284ea2-e978-4299-ad12-e24b82e2955b",
    "color" : "#F2F2F2",
    "position" : {
      "x" : -24.798374,
      "y" : 15.326238,
      "z" : 0.0
    },
    "orientation" : 0
  }, {
    "shape" : "d9284ea2-e978-4299-ad12-e24b82e2955b",
    "color" : "#F2F2F2",
    "position" : {
      "x" : -6.854102,
      "y" : 0.0,
      "z" : 2.618034
    },
    "orientation" : 0
  }, {
    "shape" : "2bb19171-4c9f-4b26-a1dd-a3e3e52da38a",
    "color" : "#007695",
    "position" : {
      "x" : 0.0,
      "y" : 6.854102,
      "z" : -4.236068
    },
    "orientation" : 54
  }, {
    "shape" : "1f2542d6-e284-43f1-a53d-7678abb31bf4",
    "color" : "#AF0000",
    "position" : {
      "x" : -4.236068,
      "y" : 13.708204,
      "z" : -6.854102
    },
    "orientation" : 45
  }, {
    "shape" : "d9284ea2-e978-4299-ad12-e24b82e2955b",
    "color" : "#F2F2F2",
    "position" : {
      "x" : -11.09017,
      "y" : 17.944271,
      "z" : -6.854102
    },
    "orientation" : 0
  }, {
    "shape" : "1f2542d6-e284-43f1-a53d-7678abb31bf4",
    "color" : "#AF0000",
    "position" : {
      "x" : -13.708204,
      "y" : -2.618034,
      "z" : 6.854102
    },
    "orientation" : 45
  }, {
    "shape" : "d9284ea2-e978-4299-ad12-e24b82e2955b",
    "color" : "#F2F2F2",
    "position" : {
      "x" : -6.854102,
      "y" : -2.618034,
      "z" : 4.236068
    },
    "orientation" : 0
  }, {
    "shape" : "cb68a643-ae10-4ce5-969a-c63a88c24882",
    "color" : "#F0A000",
    "position" : {
      "x" : -13.708204,
      "y" : 4.236068,
      "z" : 2.618034
    },
    "orientation" : 0
  }, {
    "shape" : "1f2542d6-e284-43f1-a53d-7678abb31bf4",
    "color" : "#AF0000",
    "position" : {
      "x" : -4.236068,
      "y" : 6.854102,
      "z" : -2.618034
    },
    "orientation" : 46
  }, {
    "shape" : "d9284ea2-e978-4299-ad12-e24b82e2955b",
    "color" : "#F2F2F2",
    "position" : {
      "x" : -4.236068,
      "y" : 13.708204,
      "z" : -6.854102
    },
    "orientation" : 0
  }, {
    "shape" : "cb68a643-ae10-4ce5-969a-c63a88c24882",
    "color" : "#F0A000",
    "position" : {
      "x" : 0.0,
      "y" : 0.0,
      "z" : 0.0
    },
    "orientation" : 38
  }, {
    "shape" : "2bb19171-4c9f-4b26-a1dd-a3e3e52da38a",
    "color" : "#007695",
    "position" : {
      "x" : -24.798374,
      "y" : 15.326238,
      "z" : 0.0
    },
    "orientation" : 23
  }, {
    "shape" : "2bb19171-4c9f-4b26-a1dd-a3e3e52da38a",
    "color" : "#007695",
    "position" : {
      "x" : -24.798374,
      "y" : 8.472136,
      "z" : 4.236068
    },
    "orientation" : 23
  }, {
    "shape" : "2bb19171-4c9f-4b26-a1dd-a3e3e52da38a",
    "color" : "#007695",
    "position" : {
      "x" : -20.562305,
      "y" : 1.618034,
      "z" : 6.854102
    },
    "orientation" : 54
  }, {
    "shape" : "1f2542d6-e284-43f1-a53d-7678abb31bf4",
    "color" : "#AF0000",
    "position" : {
      "x" : -24.798374,
      "y" : 8.472136,
      "z" : 4.236068
    },
    "orientation" : 46
  }, {
    "shape" : "d9284ea2-e978-4299-ad12-e24b82e2955b",
    "color" : "#F2F2F2",
    "position" : {
      "x" : -4.236068,
      "y" : 6.854102,
      "z" : -2.618034
    },
    "orientation" : 0
  } ], [ {
    "shape" : "2bb19171-4c9f-4b26-a1dd-a3e3e52da38a",
    "color" : "#007695",
    "position" : {
      "x" : -13.708204,
      "y" : 4.236068,
      "z" : 2.618034
    },
    "orientation" : 54
  }, {
    "shape" : "2bb19171-4c9f-4b26-a1dd-a3e3e52da38a",
    "color" : "#007695",
    "position" : {
      "x" : 17.944271,
      "y" : 13.708204,
      "z" : -15.326238
    },
    "orientation" : 54
  }, {
    "shape" : "cb68a643-ae10-4ce5-969a-c63a88c24882",
    "color" : "#F0A000",
    "position" : {
      "x" : -6.854102,
      "y" : 22.18034,
      "z" : -11.09017
    },
    "orientation" : 39
  }, {
    "shape" : "d9284ea2-e978-4299-ad12-e24b82e2955b",
    "color" : "#F2F2F2",
    "position" : {
      "x" : 0.0,
      "y" : 17.944271,
      "z" : -11.09017
    },
    "orientation" : 0
  }, {
    "shape" : "1f2542d6-e284-43f1-a53d-7678abb31bf4",
    "color" : "#AF0000",
    "position" : {
      "x" : -17.944271,
      "y" : 11.09017,
      "z" : 0.0
    },
    "orientation" : 46
  }, {
