{
  "polygons" : "true",
  "field" : "golden",
  "symmetry" : "icosahedral",
  "orientations" : [ [ 1.0, 0.0, 0.0, 0.0, 0.0, 1.0, 0.0, 0.0, 0.0, 0.0, 1.0, 0.0, 0.0, 0.0, 0.0, 1.0 ], [ 0.0, 0.0, 1.0, 0.0, 1.0, 0.0, 0.0, 0.0, 0.0, 1.0, 0.0, 0.0, 0.0, 0.0, 0.0, 1.0 ], [ 0.0, 1.0, 0.0, 0.0, 0.0, 0.0, 1.0, 0.0, 1.0, 0.0, 0.0, 0.0, 0.0, 0.0, 0.0, 1.0 ], [ 0.809017, 0.309017, 0.5, 0.0, 0.309017, 0.5, -0.809017, 0.0, -0.5, 0.809017, 0.309017, 0.0, 0.0, 0.0, 0.0, 1.0 ], [ -0.5, 0.809017, 0.309017, 0.0, 0.809017, 0.309017, 0.5, 0.0, 0.309017, 0.5, -0.809017, 0.0, 0.0, 0.0, 0.0, 1.0 ], [ 0.309017, 0.5, -0.809017, 0.0, -0.5, 0.809017, 0.309017, 0.0, 0.809017, 0.309017, 0.5, 0.0, 0.0, 0.0, 0.0, 1.0 ], [ 0.5, 0.809017, 0.309017, 0.0, 0.809017, -0.309017, -0.5, 0.0, -0.309017, 0.5, -0.809017, 0.0, 0.0, 0.0, 0.0, 1.0 ], [ -0.309017, 0.5, -0.809017, 0.0, 0.5, 0.809017, 0.309017, 0.0, 0.809017, -0.309017, -0.5, 0.0, 0.0, 0.0, 0.0, 1.0 ], [ 0.809017, -0.309017, -0.5, 0.0, -0.309017, 0.5, -0.809017, 0.0, 0.5, 0.809017, 0.309017, 0.0, 0.0, 0.0, 0.0, 1.0 ], [ 0.5, 0.809017, -0.309017, 0.0, 0.809017, -0.309017, 0.5, 0.0, 0.309017, -0.5, -0.809017, 0.0, 0.0, 0.0, 0.0, 1.0 ], [ 0.309017, -0.5, -0.809017, 0.0, 0.5, 0.809017, -0.309017, 0.0, 0.809017, -0.309017, 0.5, 0.0, 0.0, 0.0, 0.0, 1.0 ], [ 0.809017, -0.309017, 0.5, 0.0, 0.309017, -0.5, -0.809017, 0.0, 0.5, 0.809017, -0.309017, 0.0, 0.0, 0.0, 0.0, 1.0 ], [ 0.809017, 0.309017, -0.5, 0.0, 0.309017, 0.5, 0.809017, 0.0, 0.5, -0.809017, 0.309017, 0.0, 0.0, 0.0, 0.0, 1.0 ], [ 0.5, -0.809017, 0.309017, 0.0, 0.809017, 0.309017, -0.5, 0.0, 0.309017, 0.5, 0.809017, 0.0, 0.0, 0.0, 0.0, 1.0 ], [ 0.309017, 0.5, 0.809017, 0.0, 0.5, -0.809017, 0.309017, 0.0, 0.809017, 0.309017, -0.5, 0.0, 0.0, 0.0, 0.0, 1.0 ], [ 1.0, 0.0, 0.0, 0.0, 0.0, -1.0, 0.0, 0.0, 0.0, 0.0, -1.0, 0.0, 0.0, 0.0, 0.0, 1.0 ], [ 0.0, 0.0, 1.0, 0.0, -1.0, 0.0, 0.0, 0.0, 0.0, -1.0, 0.0, 0.0, 0.0, 0.0, 0.0, 1.0 ], [ 0.0, 1.0, 0.0, 0.0, 0.0, 0.0, -1.0, 0.0, -1.0, 0.0, 0.0, 0.0, 0.0, 0.0, 0.0, 1.0 ], [ 0.809017, 0.309017, 0.5, 0.0, -0.309017, -0.5, 0.809017, 0.0, 0.5, -0.809017, -0.309017, 0.0, 0.0, 0.0, 0.0, 1.0 ], [ -0.5, 0.809017, 0.309017, 0.0, -0.809017, -0.309017, -0.5, 0.0, -0.309017, -0.5, 0.809017, 0.0, 0.0, 0.0, 0.0, 1.0 ], [ 0.309017, 0.5, -0.809017, 0.0, 0.5, -0.809017, -0.309017, 0.0, -0.809017, -0.309017, -0.5, 0.0, 0.0, 0.0, 0.0, 1.0 ], [ 0.5, 0.809017, 0.309017, 0.0, -0.809017, 0.309017, 0.5, 0.0, 0.309017, -0.5, 0.809017, 0.0, 0.0, 0.0, 0.0, 1.0 ], [ -0.309017, 0.5, -0.809017, 0.0, -0.5, -0.809017, -0.309017, 0.0, -0.809017, 0.309017, 0.5, 0.0, 0.0, 0.0, 0.0, 1.0 ], [ 0.809017, -0.309017, -0.5, 0.0, 0.309017, -0.5, 0.809017, 0.0, -0.5, -0.809017, -0.309017, 0.0, 0.0, 0.0, 0.0, 1.0 ], [ 0.5, 0.809017, -0.309017, 0.0, -0.809017, 0.309017, -0.5, 0.0, -0.309017, 0.5, 0.809017, 0.0, 0.0, 0.0, 0.0, 1.0 ], [ 0.309017, -0.5, -0.809017, 0.0, -0.5, -0.809017, 0.309017, 0.0, -0.809017, 0.309017, -0.5, 0.0, 0.0, 0.0, 0.0, 1.0 ], [ 0.809017, -0.309017, 0.5, 0.0, -0.309017, 0.5, 0.809017, 0.0, -0.5, -0.809017, 0.309017, 0.0, 0.0, 0.0, 0.0, 1.0 ], [ 0.809017, 0.309017, -0.5, 0.0, -0.309017, -0.5, -0.809017, 0.0, -0.5, 0.809017, -0.309017, 0.0, 0.0, 0.0, 0.0, 1.0 ], [ 0.5, -0.809017, 0.309017, 0.0, -0.809017, -0.309017, 0.5, 0.0, -0.309017, -0.5, -0.809017, 0.0, 0.0, 0.0, 0.0, 1.0 ], [ 0.309017, 0.5, 0.809017, 0.0, -0.5, 0.809017, -0.309017, 0.0, -0.809017, -0.309017, 0.5, 0.0, 0.0, 0.0, 0.0, 1.0 ], [ -1.0, 0.0, 0.0, 0.0, 0.0, -1.0, 0.0, 0.0, 0.0, 0.0, 1.0, 0.0, 0.0, 0.0, 0.0, 1.0 ], [ 0.0, 0.0, -1.0, 0.0, -1.0, 0.0, 0.0, 0.0, 0.0, 1.0, 0.0, 0.0, 0.0, 0.0, 0.0, 1.0 ], [ 0.0, -1.0, 0.0, 0.0, 0.0, 0.0, -1.0, 0.0, 1.0, 0.0, 0.0, 0.0, 0.0, 0.0, 0.0, 1.0 ], [ -0.809017, -0.309017, -0.5, 0.0, -0.309017, -0.5, 0.809017, 0.0, -0.5, 0.809017, 0.309017, 0.0, 0.0, 0.0, 0.0, 1.0 ], [ 0.5, -0.809017, -0.309017, 0.0, -0.809017, -0.309017, -0.5, 0.0, 0.309017, 0.5, -0.809017, 0.0, 0.0, 0.0, 0.0, 1.0 ], [ -0.309017, -0.5, 0.809017, 0.0, 0.5, -0.809017, -0.309017, 0.0, 0.809017, 0.309017, 0.5, 0.0, 0.0, 0.0, 0.0, 1.0 ], [ -0.5, -0.809017, -0.309017, 0.0, -0.809017, 0.309017, 0.5, 0.0, -0.309017, 0.5, -0.809017, 0.0, 0.0, 0.0, 0.0, 1.0 ], [ 0.309017, -0.5, 0.809017, 0.0, -0.5, -0.809017, -0.309017, 0.0, 0.809017, -0.309017, -0.5, 0.0, 0.0, 0.0, 0.0, 1.0 ], [ -0.809017, 0.309017, 0.5, 0.0, 0.309017, -0.5, 0.809017, 0.0, 0.5, 0.809017, 0.309017, 0.0, 0.0, 0.0, 0.0, 1.0 ], [ -0.5, -0.809017, 0.309017, 0.0, -0.809017, 0.309017, -0.5, 0.0, 0.309017, -0.5, -0.809017, 0.0, 0.0, 0.0, 0.0, 1.0 ], [ -0.309017, 0.5, 0.809017, 0.0, -0.5, -0.809017, 0.309017, 0.0, 0.809017, -0.309017, 0.5, 0.0, 0.0, 0.0, 0.0, 1.0 ], [ -0.809017, 0.309017, -0.5, 0.0, -0.309017, 0.5, 0.809017, 0.0, 0.5, 0.809017, -0.309017, 0.0, 0.0, 0.0, 0.0, 1.0 ], [ -0.809017, -0.309017, 0.5, 0.0, -0.309017, -0.5, -0.809017, 0.0, 0.5, -0.809017, 0.309017, 0.0, 0.0, 0.0, 0.0, 1.0 ], [ -0.5, 0.809017, -0.309017, 0.0, -0.809017, -0.309017, 0.5, 0.0, 0.309017, 0.5, 0.809017, 0.0, 0.0, 0.0, 0.0, 1.0 ], [ -0.309017, -0.5, -0.809017, 0.0, -0.5, 0.809017, -0.309017, 0.0, 0.809017, 0.309017, -0.5, 0.0, 0.0, 0.0, 0.0, 1.0 ], [ -1.0, 0.0, 0.0, 0.0, 0.0, 1.0, 0.0, 0.0, 0.0, 0.0, -1.0, 0.0, 0.0, 0.0, 0.0, 1.0 ], [ 0.0, 0.0, -1.0, 0.0, 1.0, 0.0, 0.0, 0.0, 0.0, -1.0, 0.0, 0.0, 0.0, 0.0, 0.0, 1.0 ], [ 0.0, -1.0, 0.0, 0.0, 0.0, 0.0, 1.0, 0.0, -1.0, 0.0, 0.0, 0.0, 0.0, 0.0, 0.0, 1.0 ], [ -0.809017, -0.309017, -0.5, 0.0, 0.309017, 0.5, -0.809017, 0.0, 0.5, -0.809017, -0.309017, 0.0, 0.0, 0.0, 0.0, 1.0 ], [ 0.5, -0.809017, -0.309017, 0.0, 0.809017, 0.309017, 0.5, 0.0, -0.309017, -0.5, 0.809017, 0.0, 0.0, 0.0, 0.0, 1.0 ], [ -0.309017, -0.5, 0.809017, 0.0, -0.5, 0.809017, 0.309017, 0.0, -0.809017, -0.309017, -0.5, 0.0, 0.0, 0.0, 0.0, 1.0 ], [ -0.5, -0.809017, -0.309017, 0.0, 0.809017, -0.309017, -0.5, 0.0, 0.309017, -0.5, 0.809017, 0.0, 0.0, 0.0, 0.0, 1.0 ], [ 0.309017, -0.5, 0.809017, 0.0, 0.5, 0.809017, 0.309017, 0.0, -0.809017, 0.309017, 0.5, 0.0, 0.0, 0.0, 0.0, 1.0 ], [ -0.809017, 0.309017, 0.5, 0.0, -0.309017, 0.5, -0.809017, 0.0, -0.5, -0.809017, -0.309017, 0.0, 0.0, 0.0, 0.0, 1.0 ], [ -0.5, -0.809017, 0.309017, 0.0, 0.809017, -0.309017, 0.5, 0.0, -0.309017, 0.5, 0.809017, 0.0, 0.0, 0.0, 0.0, 1.0 ], [ -0.309017, 0.5, 0.809017, 0.0, 0.5, 0.809017, -0.309017, 0.0, -0.809017, 0.309017, -0.5, 0.0, 0.0, 0.0, 0.0, 1.0 ], [ -0.809017, 0.309017, -0.5, 0.0, 0.309017, -0.5, -0.809017, 0.0, -0.5, -0.809017, 0.309017, 0.0, 0.0, 0.0, 0.0, 1.0 ], [ -0.809017, -0.309017, 0.5, 0.0, 0.309017, 0.5, 0.809017, 0.0, -0.5, 0.809017, -0.309017, 0.0, 0.0, 0.0, 0.0, 1.0 ], [ -0.5, 0.809017, -0.309017, 0.0, 0.809017, 0.309017, -0.5, 0.0, -0.309017, -0.5, -0.809017, 0.0, 0.0, 0.0, 0.0, 1.0 ], [ -0.309017, -0.5, -0.809017, 0.0, 0.5, -0.809017, 0.309017, 0.0, -0.809017, -0.309017, 0.5, 0.0, 0.0, 0.0, 0.0, 1.0 ] ],
  "lights" : {
    "directionalLights" : [ {
      "direction" : [ 1.0, -1.0, -1.0 ],
      "color" : "#EBEBE4"
    }, {
      "direction" : [ -1.0, 0.0, 0.0 ],
      "color" : "#E4E4EB"
    }, {
      "direction" : [ 0.0, 0.0, -1.0 ],
      "color" : "#1E1E1E"
    } ],
    "ambientColor" : "#292929",
    "backgroundColor" : "#AFC8DC"
  },
  "camera" : {
    "position" : {
      "x" : 58.068882,
      "y" : 632.0083,
      "z" : 368.42224
    },
    "width" : 278.76584,
    "perspective" : false,
    "viewDistance" : 619.47943,
    "lookDirectionRV" : {
      "x" : 0.0,
      "y" : -0.8506508,
      "z" : -0.5257311,
      "zero" : false
    },
    "upDirectionRV" : {
      "x" : 0.0,
      "y" : 0.5257311,
      "z" : -0.8506508,
      "zero" : false
    },
    "lookAtPointRV" : {
      "x" : 58.068882,
      "y" : 105.0476,
      "z" : 42.742645,
      "zero" : false
    },
    "fieldOfView" : 0.44262904,
    "nearClipDistance" : 1.5486987,
    "lookAtPoint" : {
      "x" : 58.068882,
      "y" : 105.0476,
      "z" : 42.742645
    },
    "farClipDistance" : 1238.9575,
    "lookDirection" : {
      "x" : 0.0,
      "y" : -0.8506508,
      "z" : -0.5257311
    },
    "upDirection" : {
      "x" : 0.0,
      "y" : 0.5257311,
      "z" : -0.8506508
    },
    "stereo" : false
  },
  "embedding" : [ 1.0, 0.0, 0.0, 0.0, 0.0, 1.0, 0.0, 0.0, 0.0, 0.0, 1.0, 0.0, 0.0, 0.0, 0.0, 1.0 ],
  "shapes" : [ {
    "id" : "fe83e10e-d680-4bed-840e-c6091beb3249",
    "orbit" : "red",
    "orbitC" : "[[-1,1,1],[0,0,1]]",
    "length" : "[\"1\",\"0\",\"1\"]",
    "name" : "r1",
    "vertices" : [ {
      "x" : 2.618034,
      "y" : 1.736068,
      "z" : 0.309017
    }, {
      "x" : 4.236068,
      "y" : 2.5,
      "z" : 0.309017
    }, {
      "x" : 4.045085,
      "y" : 2.809017,
      "z" : 0.19098301
    }, {
      "x" : 0.809017,
      "y" : 0.618034,
      "z" : -0.309017
    }, {
      "x" : 0.690983,
      "y" : 0.809017,
      "z" : 0.0
    }, {
      "x" : 2.5,
      "y" : 1.927051,
      "z" : 0.0
    }, {
      "x" : 2.618034,
      "y" : 1.736068,
      "z" : -0.309017
    }, {
      "x" : 6.045085,
      "y" : 3.618034,
      "z" : 0.309017
    }, {
      "x" : 2.809017,
      "y" : 1.427051,
      "z" : 0.19098301
    }, {
      "x" : 2.809017,
      "y" : 1.427051,
      "z" : -0.19098301
    }, {
      "x" : 4.354102,
      "y" : 2.309017,
      "z" : 0.0
    }, {
      "x" : 4.236068,
      "y" : 2.5,
      "z" : -0.309017
    }, {
      "x" : 6.163119,
      "y" : 3.427051,
      "z" : 0.0
    }, {
      "x" : 1.0,
      "y" : 0.309017,
      "z" : 0.19098301
    }, {
      "x" : 1.0,
      "y" : 0.309017,
      "z" : -0.19098301
    }, {
      "x" : 0.809017,
      "y" : 0.618034,
      "z" : 0.309017
    }, {
      "x" : 5.854102,
      "y" : 3.927051,
      "z" : 0.19098301
    }, {
      "x" : 6.045085,
      "y" : 3.618034,
      "z" : -0.309017
    }, {
      "x" : 5.854102,
      "y" : 3.927051,
      "z" : -0.19098301
    }, {
      "x" : 6.854102,
      "y" : 4.236068,
      "z" : 0.0
    }, {
      "x" : 4.045085,
      "y" : 2.809017,
      "z" : -0.19098301
    } ],
    "faces" : [ {
      "vertices" : [ 3, 6, 9, 14 ]
    }, {
      "vertices" : [ 11, 20, 18, 17 ]
    }, {
      "vertices" : [ 0, 1, 2 ]
    }, {
      "vertices" : [ 0, 15, 13, 8 ]
    }, {
      "vertices" : [ 6, 20, 11 ]
    }, {
      "vertices" : [ 0, 2, 5 ]
    }, {
      "vertices" : [ 0, 8, 1 ]
    }, {
      "vertices" : [ 8, 13, 14, 9 ]
    }, {
      "vertices" : [ 3, 4, 5, 6 ]
    }, {
      "vertices" : [ 10, 11, 17, 12 ]
    }, {
      "vertices" : [ 1, 8, 10 ]
    }, {
      "vertices" : [ 0, 5, 4, 15 ]
    }, {
      "vertices" : [ 2, 16, 18, 20 ]
    }, {
      "vertices" : [ 1, 7, 16, 2 ]
    }, {
      "vertices" : [ 6, 11, 9 ]
    }, {
      "vertices" : [ 8, 9, 10 ]
    }, {
      "vertices" : [ 2, 20, 5 ]
    }, {
      "vertices" : [ 9, 11, 10 ]
    }, {
      "vertices" : [ 1, 10, 12, 7 ]
    }, {
      "vertices" : [ 5, 20, 6 ]
    } ]
  }, {
    "id" : "74e50e85-17c3-4ed4-a8af-1e73292ed92a",
    "orbit" : "blue",
    "orbitC" : "[[0,0,1],[0,0,1]]",
    "length" : "[\"1\",\"0\",\"1\"]",
    "name" : "b1",
    "vertices" : [ {
      "x" : 7.472136,
      "y" : 0.309017,
      "z" : 0.19098301
    }, {
      "x" : 7.472136,
      "y" : 0.309017,
      "z" : -0.19098301
    }, {
      "x" : 1.0,
      "y" : 0.309017,
      "z" : -0.19098301
    }, {
      "x" : 1.0,
      "y" : 0.309017,
      "z" : 0.19098301
    }, {
      "x" : 7.472136,
      "y" : -0.309017,
      "z" : 0.19098301
    }, {
      "x" : 1.0,
      "y" : -0.309017,
      "z" : 0.19098301
    }, {
      "x" : 1.0,
      "y" : -0.309017,
      "z" : -0.19098301
    }, {
      "x" : 7.472136,
      "y" : -0.309017,
      "z" : -0.19098301
    }, {
      "x" : 8.472136,
      "y" : 0.0,
      "z" : 0.0
    } ],
    "faces" : [ {
      "vertices" : [ 1, 7, 6, 2 ]
    }, {
      "vertices" : [ 0, 1, 2, 3 ]
    }, {
      "vertices" : [ 4, 5, 6, 7 ]
    }, {
      "vertices" : [ 0, 3, 5, 4 ]
    } ]
  }, {
    "id" : "fda2f994-b621-4e8f-8a11-9b19fae4db78",
    "orbit" : "red",
    "orbitC" : "[[-1,1,1],[0,0,1]]",
    "length" : "[\"1\",\"1\",\"1\"]",
    "name" : "r3",
    "vertices" : [ {
      "x" : 8.163119,
      "y" : 5.163119,
      "z" : 0.309017
    }, {
      "x" : 9.781153,
      "y" : 5.927051,
      "z" : 0.309017
    }, {
      "x" : 9.59017,
      "y" : 6.236068,
      "z" : 0.19098301
    }, {
      "x" : 0.809017,
      "y" : 0.618034,
      "z" : -0.309017
    }, {
      "x" : 0.690983,
      "y" : 0.809017,
      "z" : 0.0
    }, {
      "x" : 8.045085,
      "y" : 5.354102,
      "z" : 0.0
    }, {
      "x" : 8.163119,
      "y" : 5.163119,
      "z" : -0.309017
    }, {
      "x" : 17.135256,
      "y" : 10.472136,
      "z" : 0.309017
    }, {
      "x" : 8.354102,
      "y" : 4.854102,
      "z" : 0.19098301
    }, {
      "x" : 8.354102,
      "y" : 4.854102,
      "z" : -0.19098301
    }, {
      "x" : 9.899187,
      "y" : 5.736068,
      "z" : 0.0
    }, {
      "x" : 9.781153,
      "y" : 5.927051,
      "z" : -0.309017
    }, {
      "x" : 17.253288,
      "y" : 10.281153,
      "z" : 0.0
    }, {
      "x" : 1.0,
      "y" : 0.309017,
      "z" : 0.19098301
    }, {
      "x" : 1.0,
      "y" : 0.309017,
      "z" : -0.19098301
    }, {
      "x" : 0.809017,
      "y" : 0.618034,
      "z" : 0.309017
    }, {
      "x" : 16.944271,
      "y" : 10.781153,
      "z" : 0.19098301
    }, {
      "x" : 17.135256,
      "y" : 10.472136,
      "z" : -0.309017
    }, {
      "x" : 16.944271,
      "y" : 10.781153,
      "z" : -0.19098301
    }, {
      "x" : 17.944271,
      "y" : 11.09017,
      "z" : 0.0
    }, {
      "x" : 9.59017,
      "y" : 6.236068,
      "z" : -0.19098301
    } ],
    "faces" : [ {
      "vertices" : [ 3, 6, 9, 14 ]
    }, {
      "vertices" : [ 11, 20, 18, 17 ]
    }, {
      "vertices" : [ 0, 1, 2 ]
    }, {
      "vertices" : [ 0, 15, 13, 8 ]
    }, {
      "vertices" : [ 6, 20, 11 ]
    }, {
      "vertices" : [ 0, 2, 5 ]
    }, {
      "vertices" : [ 0, 8, 1 ]
    }, {
      "vertices" : [ 8, 13, 14, 9 ]
    }, {
      "vertices" : [ 3, 4, 5, 6 ]
    }, {
      "vertices" : [ 10, 11, 17, 12 ]
    }, {
      "vertices" : [ 1, 8, 10 ]
    }, {
      "vertices" : [ 0, 5, 4, 15 ]
    }, {
      "vertices" : [ 2, 16, 18, 20 ]
    }, {
      "vertices" : [ 1, 7, 16, 2 ]
    }, {
      "vertices" : [ 6, 11, 9 ]
    }, {
      "vertices" : [ 8, 9, 10 ]
    }, {
      "vertices" : [ 2, 20, 5 ]
    }, {
      "vertices" : [ 9, 11, 10 ]
    }, {
      "vertices" : [ 1, 10, 12, 7 ]
    }, {
      "vertices" : [ 5, 20, 6 ]
    } ]
  }, {
    "id" : "81bfb82b-73e1-425b-b61f-c4bdf175ac1e",
    "name" : "ball",
    "vertices" : [ {
      "x" : 0.309017,
      "y" : -0.809017,
      "z" : 0.618034
    }, {
      "x" : 0.809017,
      "y" : -0.618034,
      "z" : 0.309017
    }, {
      "x" : 0.618034,
      "y" : -0.309017,
      "z" : 0.809017
    }, {
      "x" : 1.0,
      "y" : 0.309017,
      "z" : 0.19098301
    }, {
      "x" : 0.809017,
      "y" : 0.618034,
      "z" : 0.309017
    }, {
      "x" : 0.618034,
      "y" : 0.309017,
      "z" : 0.809017
    }, {
      "x" : 0.809017,
      "y" : 0.0,
      "z" : 0.690983
    }, {
      "x" : 0.19098301,
      "y" : -1.0,
      "z" : 0.309017
    }, {
      "x" : -0.19098301,
      "y" : -1.0,
      "z" : 0.309017
    }, {
      "x" : -0.19098301,
      "y" : -1.0,
      "z" : -0.309017
    }, {
      "x" : 0.19098301,
      "y" : -1.0,
      "z" : -0.309017
    }, {
      "x" : 1.0,
      "y" : -0.309017,
      "z" : -0.19098301
    }, {
      "x" : 0.809017,
      "y" : -0.618034,
      "z" : -0.309017
    }, {
      "x" : 0.618034,
      "y" : -0.309017,
      "z" : -0.809017
    }, {
      "x" : 0.809017,
      "y" : 0.0,
      "z" : -0.690983
    }, {
      "x" : 0.0,
      "y" : 0.690983,
      "z" : -0.809017
    }, {
      "x" : 0.309017,
      "y" : 0.809017,
      "z" : -0.618034
    }, {
      "x" : 0.618034,
      "y" : 0.309017,
      "z" : -0.809017
    }, {
      "x" : 0.309017,
      "y" : 0.19098301,
      "z" : -1.0
    }, {
      "x" : 1.0,
      "y" : 0.309017,
      "z" : -0.19098301
    }, {
      "x" : -0.309017,
      "y" : -0.809017,
      "z" : 0.618034
    }, {
      "x" : 0.0,
      "y" : -0.690983,
      "z" : 0.809017
    }, {
      "x" : 0.809017,
      "y" : 0.618034,
      "z" : -0.309017
    }, {
      "x" : 0.690983,
      "y" : 0.809017,
      "z" : 0.0
    }, {
      "x" : -0.690983,
      "y" : 0.809017,
      "z" : 0.0
    }, {
      "x" : -0.809017,
      "y" : 0.618034,
      "z" : 0.309017
    }, {
      "x" : -0.309017,
      "y" : 0.809017,
      "z" : 0.618034
    }, {
      "x" : -0.19098301,
      "y" : 1.0,
      "z" : 0.309017
    }, {
      "x" : 0.309017,
      "y" : -0.19098301,
      "z" : -1.0
    }, {
      "x" : 0.19098301,
      "y" : 1.0,
      "z" : 0.309017
    }, {
      "x" : 0.309017,
      "y" : 0.809017,
      "z" : 0.618034
    }, {
      "x" : -0.809017,
      "y" : -0.618034,
      "z" : 0.309017
    }, {
      "x" : -0.690983,
      "y" : -0.809017,
      "z" : 0.0
    }, {
      "x" : 0.0,
      "y" : 0.690983,
      "z" : 0.809017
    }, {
      "x" : 0.309017,
      "y" : -0.809017,
      "z" : -0.618034
    }, {
      "x" : 0.0,
      "y" : -0.690983,
      "z" : -0.809017
    }, {
      "x" : -1.0,
      "y" : 0.309017,
      "z" : 0.19098301
    }, {
      "x" : -0.809017,
      "y" : 0.0,
      "z" : 0.690983
    }, {
      "x" : -0.618034,
      "y" : 0.309017,
      "z" : 0.809017
    }, {
      "x" : 1.0,
      "y" : -0.309017,
      "z" : 0.19098301
    }, {
      "x" : -0.309017,
      "y" : -0.809017,
      "z" : -0.618034
    }, {
      "x" : -1.0,
      "y" : 0.309017,
      "z" : -0.19098301
    }, {
      "x" : -1.0,
      "y" : -0.309017,
      "z" : -0.19098301
    }, {
      "x" : -1.0,
      "y" : -0.309017,
      "z" : 0.19098301
    }, {
      "x" : 0.19098301,
      "y" : 1.0,
      "z" : -0.309017
    }, {
      "x" : -0.809017,
      "y" : 0.618034,
      "z" : -0.309017
    }, {
      "x" : -0.19098301,
      "y" : 1.0,
      "z" : -0.309017
    }, {
      "x" : -0.309017,
      "y" : 0.809017,
      "z" : -0.618034
    }, {
      "x" : -0.618034,
      "y" : -0.309017,
      "z" : 0.809017
    }, {
      "x" : 0.309017,
      "y" : 0.19098301,
      "z" : 1.0
    }, {
      "x" : -0.309017,
      "y" : 0.19098301,
      "z" : -1.0
    }, {
      "x" : -0.309017,
      "y" : 0.19098301,
      "z" : 1.0
    }, {
      "x" : -0.309017,
      "y" : -0.19098301,
      "z" : 1.0
    }, {
      "x" : 0.309017,
      "y" : -0.19098301,
      "z" : 1.0
    }, {
      "x" : 0.690983,
      "y" : -0.809017,
      "z" : 0.0
    }, {
      "x" : -0.809017,
      "y" : 0.0,
      "z" : -0.690983
    }, {
      "x" : -0.618034,
      "y" : -0.309017,
      "z" : -0.809017
    }, {
      "x" : -0.309017,
      "y" : -0.19098301,
      "z" : -1.0
    }, {
      "x" : -0.618034,
      "y" : 0.309017,
      "z" : -0.809017
    }, {
      "x" : -0.809017,
      "y" : -0.618034,
      "z" : -0.309017
    } ],
    "faces" : [ {
      "vertices" : [ 9, 40, 35, 34, 10 ]
    }, {
      "vertices" : [ 0, 1, 2 ]
    }, {
      "vertices" : [ 33, 51, 49 ]
    }, {
      "vertices" : [ 25, 36, 37, 38 ]
    }, {
      "vertices" : [ 41, 55, 42 ]
    }, {
      "vertices" : [ 9, 32, 59, 40 ]
    }, {
      "vertices" : [ 20, 21, 52, 48 ]
    }, {
      "vertices" : [ 26, 33, 30, 29, 27 ]
    }, {
      "vertices" : [ 3, 4, 5, 6 ]
    }, {
      "vertices" : [ 27, 29, 44, 46 ]
    }, {
      "vertices" : [ 50, 57, 56, 55, 58 ]
    }, {
      "vertices" : [ 26, 38, 51, 33 ]
    }, {
      "vertices" : [ 45, 47, 58 ]
    }, {
      "vertices" : [ 18, 28, 57, 50 ]
    }, {
      "vertices" : [ 40, 59, 56 ]
    }, {
      "vertices" : [ 31, 48, 37, 43 ]
    }, {
      "vertices" : [ 7, 8, 9, 10 ]
    }, {
      "vertices" : [ 36, 41, 42, 43 ]
    }, {
      "vertices" : [ 24, 46, 47, 45 ]
    }, {
      "vertices" : [ 4, 30, 5 ]
    }, {
      "vertices" : [ 15, 47, 46, 44, 16 ]
    }, {
      "vertices" : [ 15, 50, 58, 47 ]
    }, {
      "vertices" : [ 24, 45, 41, 36, 25 ]
    }, {
      "vertices" : [ 11, 14, 19 ]
    }, {
      "vertices" : [ 3, 6, 39 ]
    }, {
      "vertices" : [ 1, 39, 6, 2 ]
    }, {
      "vertices" : [ 8, 32, 9 ]
    }, {
      "vertices" : [ 11, 12, 13, 14 ]
    }, {
      "vertices" : [ 16, 22, 17 ]
    }, {
      "vertices" : [ 0, 21, 20, 8, 7 ]
    }, {
      "vertices" : [ 12, 34, 13 ]
    }, {
      "vertices" : [ 35, 40, 56, 57 ]
    }, {
      "vertices" : [ 0, 7, 54, 1 ]
    }, {
      "vertices" : [ 15, 16, 17, 18 ]
    }, {
      "vertices" : [ 3, 19, 22, 23, 4 ]
    }, {
      "vertices" : [ 7, 10, 54 ]
    }, {
      "vertices" : [ 41, 45, 58, 55 ]
    }, {
      "vertices" : [ 3, 39, 11, 19 ]
    }, {
      "vertices" : [ 14, 17, 22, 19 ]
    }, {
      "vertices" : [ 0, 2, 53, 21 ]
    }, {
      "vertices" : [ 49, 51, 52, 53 ]
    }, {
      "vertices" : [ 31, 43, 42, 59, 32 ]
    }, {
      "vertices" : [ 15, 18, 50 ]
    }, {
      "vertices" : [ 42, 55, 56, 59 ]
    }, {
      "vertices" : [ 4, 23, 29, 30 ]
    }, {
      "vertices" : [ 25, 38, 26 ]
    }, {
      "vertices" : [ 13, 28, 18, 17, 14 ]
    }, {
      "vertices" : [ 8, 20, 31, 32 ]
    }, {
      "vertices" : [ 23, 44, 29 ]
    }, {
      "vertices" : [ 24, 27, 46 ]
    }, {
      "vertices" : [ 37, 48, 52, 51, 38 ]
    }, {
      "vertices" : [ 20, 48, 31 ]
    }, {
      "vertices" : [ 24, 25, 26, 27 ]
    }, {
      "vertices" : [ 16, 44, 23, 22 ]
    }, {
      "vertices" : [ 13, 34, 35, 28 ]
    }, {
      "vertices" : [ 10, 34, 12, 54 ]
    }, {
      "vertices" : [ 2, 6, 5, 49, 53 ]
    }, {
      "vertices" : [ 36, 43, 37 ]
    }, {
      "vertices" : [ 5, 30, 33, 49 ]
    }, {
      "vertices" : [ 1, 54, 12, 11, 39 ]
    }, {
      "vertices" : [ 28, 35, 57 ]
    }, {
      "vertices" : [ 21, 53, 52 ]
    } ]
  }, {
    "id" : "4c632c53-badb-4d84-bb49-fc119095c746",
    "orbit" : "red",
    "orbitC" : "[[-1,1,1],[0,0,1]]",
    "length" : "[\"2\",\"2\",\"1\"]",
    "name" : " :2 +2*phi",
    "vertices" : [ {
      "x" : 17.135256,
      "y" : 10.708204,
      "z" : 0.309017
    }, {
      "x" : 18.753288,
      "y" : 11.472136,
      "z" : 0.309017
    }, {
      "x" : 18.562305,
      "y" : 11.781153,
      "z" : 0.19098301
    }, {
      "x" : 0.809017,
      "y" : 0.618034,
      "z" : -0.309017
    }, {
      "x" : 0.690983,
      "y" : 0.809017,
      "z" : 0.0
    }, {
      "x" : 17.017221,
      "y" : 10.899187,
      "z" : 0.0
    }, {
      "x" : 17.135256,
      "y" : 10.708204,
      "z" : -0.309017
    }, {
      "x" : 35.079525,
      "y" : 21.562305,
      "z" : 0.309017
    }, {
      "x" : 17.326239,
      "y" : 10.399187,
      "z" : 0.19098301
    }, {
      "x" : 17.326239,
      "y" : 10.399187,
      "z" : -0.19098301
    }, {
      "x" : 18.871323,
      "y" : 11.281153,
      "z" : 0.0
    }, {
      "x" : 18.753288,
      "y" : 11.472136,
      "z" : -0.309017
    }, {
      "x" : 35.19756,
      "y" : 21.371323,
      "z" : 0.0
    }, {
      "x" : 1.0,
      "y" : 0.309017,
      "z" : 0.19098301
    }, {
      "x" : 1.0,
      "y" : 0.309017,
      "z" : -0.19098301
    }, {
      "x" : 0.809017,
      "y" : 0.618034,
      "z" : 0.309017
    }, {
      "x" : 34.888542,
      "y" : 21.871323,
      "z" : 0.19098301
    }, {
      "x" : 35.079525,
      "y" : 21.562305,
      "z" : -0.309017
    }, {
      "x" : 34.888542,
      "y" : 21.871323,
      "z" : -0.19098301
    }, {
      "x" : 35.888542,
      "y" : 22.18034,
      "z" : 0.0
    }, {
      "x" : 18.562305,
      "y" : 11.781153,
      "z" : -0.19098301
    } ],
    "faces" : [ {
      "vertices" : [ 3, 6, 9, 14 ]
    }, {
      "vertices" : [ 11, 20, 18, 17 ]
    }, {
      "vertices" : [ 0, 1, 2 ]
    }, {
      "vertices" : [ 0, 15, 13, 8 ]
    }, {
      "vertices" : [ 6, 20, 11 ]
    }, {
      "vertices" : [ 0, 2, 5 ]
    }, {
      "vertices" : [ 0, 8, 1 ]
    }, {
      "vertices" : [ 8, 13, 14, 9 ]
    }, {
      "vertices" : [ 3, 4, 5, 6 ]
    }, {
      "vertices" : [ 10, 11, 17, 12 ]
    }, {
      "vertices" : [ 1, 8, 10 ]
    }, {
      "vertices" : [ 0, 5, 4, 15 ]
    }, {
      "vertices" : [ 2, 16, 18, 20 ]
    }, {
      "vertices" : [ 1, 7, 16, 2 ]
    }, {
      "vertices" : [ 6, 11, 9 ]
    }, {
      "vertices" : [ 8, 9, 10 ]
    }, {
      "vertices" : [ 2, 20, 5 ]
    }, {
      "vertices" : [ 9, 11, 10 ]
    }, {
      "vertices" : [ 1, 10, 12, 7 ]
    }, {
      "vertices" : [ 5, 20, 6 ]
    } ]
  }, {
    "id" : "f7b5723b-f979-4f54-b190-5c9c8738301e",
    "orbit" : "red",
    "orbitC" : "[[-1,1,1],[0,0,1]]",
    "length" : "[\"0\",\"1\",\"1\"]",
    "name" : "r2",
    "vertices" : [ {
      "x" : 4.736068,
      "y" : 3.045085,
      "z" : 0.309017
    }, {
      "x" : 6.354102,
      "y" : 3.809017,
      "z" : 0.309017
    }, {
      "x" : 6.163119,
      "y" : 4.118034,
      "z" : 0.19098301
    }, {
      "x" : 0.809017,
      "y" : 0.618034,
      "z" : -0.309017
    }, {
      "x" : 0.690983,
      "y" : 0.809017,
      "z" : 0.0
    }, {
      "x" : 4.618034,
      "y" : 3.236068,
      "z" : 0.0
    }, {
      "x" : 4.736068,
      "y" : 3.045085,
      "z" : -0.309017
    }, {
      "x" : 10.281153,
      "y" : 6.236068,
      "z" : 0.309017
    }, {
      "x" : 4.927051,
      "y" : 2.736068,
      "z" : 0.19098301
    }, {
      "x" : 4.927051,
      "y" : 2.736068,
      "z" : -0.19098301
    }, {
      "x" : 6.472136,
      "y" : 3.618034,
      "z" : 0.0
    }, {
      "x" : 6.354102,
      "y" : 3.809017,
      "z" : -0.309017
    }, {
      "x" : 10.399187,
      "y" : 6.045085,
      "z" : 0.0
    }, {
      "x" : 1.0,
      "y" : 0.309017,
      "z" : 0.19098301
    }, {
      "x" : 1.0,
      "y" : 0.309017,
      "z" : -0.19098301
    }, {
      "x" : 0.809017,
      "y" : 0.618034,
      "z" : 0.309017
    }, {
      "x" : 10.09017,
      "y" : 6.545085,
      "z" : 0.19098301
    }, {
      "x" : 10.281153,
      "y" : 6.236068,
      "z" : -0.309017
    }, {
      "x" : 10.09017,
      "y" : 6.545085,
      "z" : -0.19098301
    }, {
      "x" : 11.09017,
      "y" : 6.854102,
      "z" : 0.0
    }, {
      "x" : 6.163119,
      "y" : 4.118034,
      "z" : -0.19098301
    } ],
    "faces" : [ {
      "vertices" : [ 3, 6, 9, 14 ]
    }, {
      "vertices" : [ 11, 20, 18, 17 ]
    }, {
      "vertices" : [ 0, 1, 2 ]
    }, {
      "vertices" : [ 0, 15, 13, 8 ]
    }, {
      "vertices" : [ 6, 20, 11 ]
    }, {
      "vertices" : [ 0, 2, 5 ]
    }, {
      "vertices" : [ 0, 8, 1 ]
    }, {
      "vertices" : [ 8, 13, 14, 9 ]
    }, {
      "vertices" : [ 3, 4, 5, 6 ]
    }, {
      "vertices" : [ 10, 11, 17, 12 ]
    }, {
      "vertices" : [ 1, 8, 10 ]
    }, {
      "vertices" : [ 0, 5, 4, 15 ]
    }, {
      "vertices" : [ 2, 16, 18, 20 ]
    }, {
      "vertices" : [ 1, 7, 16, 2 ]
    }, {
      "vertices" : [ 6, 11, 9 ]
    }, {
      "vertices" : [ 8, 9, 10 ]
    }, {
      "vertices" : [ 2, 20, 5 ]
    }, {
      "vertices" : [ 9, 11, 10 ]
    }, {
      "vertices" : [ 1, 10, 12, 7 ]
    }, {
      "vertices" : [ 5, 20, 6 ]
    } ]
  }, {
    "id" : "29356e74-0585-4522-be9f-030a784ed364",
    "orbit" : "yellow",
    "orbitC" : "[[0,0,1],[2,-1,1]]",
    "length" : "[\"1\",\"0\",\"1\"]",
    "name" : "y1",
    "vertices" : [ {
      "x" : 0.809017,
      "y" : 0.0,
      "z" : -0.690983
    }, {
      "x" : 1.0,
      "y" : 0.309017,
      "z" : -0.19098301
    }, {
      "x" : 2.618034,
      "y" : 0.309017,
      "z" : -0.809017
    }, {
      "x" : 2.427051,
      "y" : 0.0,
      "z" : -1.309017
    }, {
      "x" : 5.854102,
      "y" : 0.309017,
      "z" : -2.427051
    }, {
      "x" : 1.0,
      "y" : -0.309017,
      "z" : -0.19098301
    }, {
      "x" : 2.618034,
      "y" : -0.309017,
      "z" : -0.809017
    }, {
      "x" : 4.236068,
      "y" : 0.309017,
      "z" : -1.809017
    }, {
      "x" : 4.427051,
      "y" : 0.0,
      "z" : -1.309017
    }, {
      "x" : 6.854102,
      "y" : 0.0,
      "z" : -2.618034
    }, {
      "x" : 4.236068,
      "y" : -0.309017,
      "z" : -1.809017
    }, {
      "x" : 6.045085,
      "y" : 0.0,
      "z" : -1.927051
    }, {
      "x" : 5.854102,
      "y" : -0.309017,
      "z" : -2.427051
    } ],
    "faces" : [ {
      "vertices" : [ 2, 6, 8 ]
    }, {
      "vertices" : [ 4, 12, 10, 7 ]
    }, {
      "vertices" : [ 2, 8, 7 ]
    }, {
      "vertices" : [ 3, 10, 6 ]
    }, {
      "vertices" : [ 3, 7, 10 ]
    }, {
      "vertices" : [ 0, 1, 2, 3 ]
    }, {
      "vertices" : [ 6, 10, 8 ]
    }, {
      "vertices" : [ 8, 10, 12, 11 ]
    }, {
      "vertices" : [ 2, 7, 3 ]
    }, {
      "vertices" : [ 0, 3, 6, 5 ]
    }, {
      "vertices" : [ 1, 5, 6, 2 ]
    }, {
      "vertices" : [ 4, 7, 8, 11 ]
    } ]
  } ],
  "instances" : [ {
    "shape" : "fe83e10e-d680-4bed-840e-c6091beb3249",
    "color" : "#D91218",
    "position" : {
      "x" : 105.0476,
      "y" : 0.0,
      "z" : -4.236068
    },
    "orientation" : 47
  }, {
    "shape" : "fe83e10e-d680-4bed-840e-c6091beb3249",
    "color" : "#D91218",
    "position" : {
      "x" : 51.214783,
      "y" : -29.034441,
      "z" : -29.034441
    },
    "orientation" : 32
  }, {
    "shape" : "fe83e10e-d680-4bed-840e-c6091beb3249",
    "color" : "#D91218",
    "position" : {
      "x" : 46.978714,
      "y" : -15.326238,
      "z" : 0.0
    },
    "orientation" : 45
  }, {
    "shape" : "74e50e85-17c3-4ed4-a8af-1e73292ed92a",
    "color" : "#008EC2",
    "position" : {
      "x" : 17.944271,
      "y" : -17.944271,
      "z" : 4.236068
    },
    "orientation" : 51
  }, {
    "shape" : "fe83e10e-d680-4bed-840e-c6091beb3249",
    "color" : "#D91218",
    "position" : {
      "x" : 24.798374,
      "y" : 87.103325,
      "z" : 0.0
    },
    "orientation" : 46
  }, {
    "shape" : "fda2f994-b621-4e8f-8a11-9b19fae4db78",
    "color" : "#D91218",
    "position" : {
      "x" : 64.92299,
      "y" : 11.09017,
      "z" : -17.944271
    },
    "orientation" : 1
  }, {
    "shape" : "81bfb82b-73e1-425b-b61f-c4bdf175ac1e",
    "color" : "#F2F2F2",
    "position" : {
      "x" : -6.854102,
      "y" : 29.034441,
      "z" : -15.326238
    }
  }, {
    "shape" : "74e50e85-17c3-4ed4-a8af-1e73292ed92a",
    "color" : "#008EC2",
    "position" : {
      "x" : 98.1935,
      "y" : 17.944271,
      "z" : -40.12461
    },
    "orientation" : 52
  }, {
    "shape" : "74e50e85-17c3-4ed4-a8af-1e73292ed92a",
    "color" : "#008EC2",
    "position" : {
      "x" : 98.1935,
      "y" : 67.54102,
      "z" : -17.944271
    },
    "orientation" : 8
  }, {
    "shape" : "74e50e85-17c3-4ed4-a8af-1e73292ed92a",
    "color" : "#008EC2",
    "position" : {
      "x" : 100.81153,
      "y" : 0.0,
      "z" : 11.09017
    },
    "orientation" : 7
  }, {
    "shape" : "74e50e85-17c3-4ed4-a8af-1e73292ed92a",
    "color" : "#008EC2",
    "position" : {
      "x" : 46.978714,
      "y" : 42.742645,
      "z" : -58.068882
    },
    "orientation" : 55
  }, {
    "shape" : "fe83e10e-d680-4bed-840e-c6091beb3249",
    "color" : "#D91218",
    "position" : {
      "x" : 22.18034,
      "y" : 82.867256,
      "z" : -42.742645
    },
    "orientation" : 30
  }, {
    "shape" : "81bfb82b-73e1-425b-b61f-c4bdf175ac1e",
    "color" : "#F2F2F2",
    "position" : {
      "x" : 4.236068,
      "y" : 31.652475,
      "z" : -40.12461
    }
  }, {
    "shape" : "fe83e10e-d680-4bed-840e-c6091beb3249",
    "color" : "#D91218",
    "position" : {
      "x" : 122.99187,
      "y" : 35.888542,
      "z" : -11.09017
    },
    "orientation" : 45
  }, {
    "shape" : "fe83e10e-d680-4bed-840e-c6091beb3249",
    "color" : "#D91218",
    "position" : {
      "x" : 58.068882,
      "y" : 2.618034,
      "z" : 51.214783
    },
    "orientation" : 0
  }, {
    "shape" : "81bfb82b-73e1-425b-b61f-c4bdf175ac1e",
    "color" : "#F2F2F2",
    "position" : {
      "x" : 87.103325,
      "y" : 71.777084,
      "z" : 24.798374
    }
  }, {
    "shape" : "74e50e85-17c3-4ed4-a8af-1e73292ed92a",
    "color" : "#008EC2",
    "position" : {
      "x" : 105.0476,
      "y" : -6.854102,
      "z" : 13.708204
    },
    "orientation" : 38
  }, {
    "shape" : "81bfb82b-73e1-425b-b61f-c4bdf175ac1e",
    "color" : "#F2F2F2",
    "position" : {
      "x" : 46.978714,
      "y" : 29.034441,
      "z" : -58.068882
    }
  }, {
    "shape" : "81bfb82b-73e1-425b-b61f-c4bdf175ac1e",
    "color" : "#F2F2F2",
    "position" : {
      "x" : 105.0476,
      "y" : 78.63119,
      "z" : 22.18034
    }
  }, {
    "shape" : "81bfb82b-73e1-425b-b61f-c4bdf175ac1e",
    "color" : "#F2F2F2",
    "position" : {
      "x" : 69.15905,
      "y" : -29.034441,
      "z" : -22.18034
    }
  }, {
    "shape" : "fe83e10e-d680-4bed-840e-c6091beb3249",
    "color" : "#D91218",
    "position" : {
      "x" : 15.326238,
      "y" : 6.854102,
      "z" : -29.034441
    },
    "orientation" : 32
  }, {
    "shape" : "74e50e85-17c3-4ed4-a8af-1e73292ed92a",
    "color" : "#008EC2",
    "position" : {
      "x" : 22.18034,
      "y" : 82.867256,
      "z" : -6.854102
    },
    "orientation" : 51
  }, {
    "shape" : "81bfb82b-73e1-425b-b61f-c4bdf175ac1e",
    "color" : "#F2F2F2",
    "position" : {
      "x" : 105.0476,
      "y" : 6.854102,
      "z" : 0.0
    }
  }, {
    "shape" : "81bfb82b-73e1-425b-b61f-c4bdf175ac1e",
    "color" : "#F2F2F2",
    "position" : {
      "x" : 15.326238,
      "y" : -6.854102,
      "z" : 29.034441
    }
  }, {
    "shape" : "81bfb82b-73e1-425b-b61f-c4bdf175ac1e",
    "color" : "#F2F2F2",
    "position" : {
      "x" : 22.18034,
      "y" : 67.54102,
      "z" : -46.978714
    }
  }, {
    "shape" : "fe83e10e-d680-4bed-840e-c6091beb3249",
    "color" : "#D91218",
    "position" : {
      "x" : 69.15905,
      "y" : 51.214783,
      "z" : -58.068882
    },
    "orientation" : 32
  }, {
    "shape" : "fe83e10e-d680-4bed-840e-c6091beb3249",
    "color" : "#D91218",
    "position" : {
      "x" : 51.214783,
      "y" : 13.708204,
      "z" : -69.15905
    },
    "orientation" : 1
  }, {
    "shape" : "81bfb82b-73e1-425b-b61f-c4bdf175ac1e",
    "color" : "#F2F2F2",
    "position" : {
      "x" : 15.326238,
      "y" : 58.068882,
      "z" : 46.978714
    }
  }, {
    "shape" : "fe83e10e-d680-4bed-840e-c6091beb3249",
    "color" : "#D91218",
    "position" : {
      "x" : 93.95743,
      "y" : 46.978714,
      "z" : 51.214783
    },
    "orientation" : 32
  }, {
    "shape" : "fe83e10e-d680-4bed-840e-c6091beb3249",
    "color" : "#D91218",
    "position" : {
      "x" : 46.978714,
      "y" : 64.92299,
      "z" : -58.068882
    },
    "orientation" : 16
  }, {
    "shape" : "74e50e85-17c3-4ed4-a8af-1e73292ed92a",
    "color" : "#008EC2",
    "position" : {
      "x" : 11.09017,
      "y" : 78.63119,
      "z" : -22.18034
    },
    "orientation" : 8
  }, {
    "shape" : "81bfb82b-73e1-425b-b61f-c4bdf175ac1e",
    "color" : "#F2F2F2",
    "position" : {
      "x" : 105.0476,
      "y" : 29.034441,
      "z" : -58.068882
    }
  }, {
    "shape" : "4c632c53-badb-4d84-bb49-fc119095c746",
    "color" : "#D91218",
    "position" : {
      "x" : 46.978714,
      "y" : -22.18034,
      "z" : 31.652475
    },
    "orientation" : 47
  }, {
    "shape" : "fe83e10e-d680-4bed-840e-c6091beb3249",
    "color" : "#D91218",
    "position" : {
      "x" : 89.72136,
      "y" : 11.09017,
      "z" : 35.888542
    },
    "orientation" : 1
  }, {
    "shape" : "81bfb82b-73e1-425b-b61f-c4bdf175ac1e",
    "color" : "#F2F2F2",
    "position" : {
      "x" : 11.09017,
      "y" : 0.0,
      "z" : -31.652475
    }
  }, {
    "shape" : "74e50e85-17c3-4ed4-a8af-1e73292ed92a",
    "color" : "#008EC2",
    "position" : {
      "x" : 40.12461,
      "y" : -4.236068,
      "z" : 31.652475
    },
    "orientation" : 36
  }, {
    "shape" : "74e50e85-17c3-4ed4-a8af-1e73292ed92a",
    "color" : "#008EC2",
    "position" : {
      "x" : 62.30495,
      "y" : 89.72136,
      "z" : 17.944271
    },
    "orientation" : 26
  }, {
    "shape" : "81bfb82b-73e1-425b-b61f-c4bdf175ac1e",
    "color" : "#F2F2F2",
    "position" : {
      "x" : 122.99187,
      "y" : 58.068882,
      "z" : -11.09017
    }
  }, {
    "shape" : "74e50e85-17c3-4ed4-a8af-1e73292ed92a",
    "color" : "#008EC2",
    "position" : {
      "x" : 13.708204,
      "y" : 82.867256,
      "z" : -6.854102
    },
    "orientation" : 0
  }, {
    "shape" : "fe83e10e-d680-4bed-840e-c6091beb3249",
    "color" : "#D91218",
    "position" : {
      "x" : -11.09017,
      "y" : -6.854102,
      "z" : 0.0
    },
    "orientation" : 2
  }, {
    "shape" : "74e50e85-17c3-4ed4-a8af-1e73292ed92a",
    "color" : "#008EC2",
    "position" : {
      "x" : 80.24922,
      "y" : -11.09017,
      "z" : -29.034441
    },
    "orientation" : 25
  }, {
    "shape" : "fda2f994-b621-4e8f-8a11-9b19fae4db78",
    "color" : "#D91218",
    "position" : {
      "x" : 93.95743,
      "y" : 31.652475,
      "z" : 46.978714
    },
    "orientation" : 47
  }, {
    "shape" : "fe83e10e-d680-4bed-840e-c6091beb3249",
    "color" : "#D91218",
    "position" : {
      "x" : 0.0,
      "y" : -11.09017,
      "z" : -6.854102
    },
    "orientation" : 46
  }, {
    "shape" : "81bfb82b-73e1-425b-b61f-c4bdf175ac1e",
    "color" : "#F2F2F2",
    "position" : {
      "x" : 64.92299,
      "y" : 69.15905,
      "z" : -53.832817
    }
  }, {
    "shape" : "81bfb82b-73e1-425b-b61f-c4bdf175ac1e",
    "color" : "#F2F2F2",
    "position" : {
      "x" : 11.09017,
      "y" : 78.63119,
      "z" : 0.0
    }
  }, {
    "shape" : "fe83e10e-d680-4bed-840e-c6091beb3249",
    "color" : "#D91218",
    "position" : {
      "x" : 64.92299,
      "y" : 93.95743,
      "z" : -46.978714
    },
    "orientation" : 30
  }, {
    "shape" : "fe83e10e-d680-4bed-840e-c6091beb3249",
    "color" : "#D91218",
    "position" : {
      "x" : 58.068882,
      "y" : 46.978714,
      "z" : -51.214783
    },
    "orientation" : 45
  }, {
    "shape" : "fe83e10e-d680-4bed-840e-c6091beb3249",
    "color" : "#D91218",
    "position" : {
      "x" : 46.978714,
      "y" : 35.888542,
      "z" : -4.236068
    },
    "orientation" : 31
  }, {
    "shape" : "fe83e10e-d680-4bed-840e-c6091beb3249",
    "color" : "#D91218",
    "position" : {
      "x" : 82.867256,
      "y" : 42.742645,
      "z" : -58.068882
    },
    "orientation" : 2
  }, {
    "shape" : "fe83e10e-d680-4bed-840e-c6091beb3249",
    "color" : "#D91218",
    "position" : {
      "x" : 35.888542,
      "y" : 82.867256,
