{
  "polygons" : "true",
  "field" : "golden",
  "symmetry" : "icosahedral",
  "orientations" : [ [ 1.0, 0.0, 0.0, 0.0, 0.0, 1.0, 0.0, 0.0, 0.0, 0.0, 1.0, 0.0, 0.0, 0.0, 0.0, 1.0 ], [ 0.0, 0.0, 1.0, 0.0, 1.0, 0.0, 0.0, 0.0, 0.0, 1.0, 0.0, 0.0, 0.0, 0.0, 0.0, 1.0 ], [ 0.0, 1.0, 0.0, 0.0, 0.0, 0.0, 1.0, 0.0, 1.0, 0.0, 0.0, 0.0, 0.0, 0.0, 0.0, 1.0 ], [ 0.809017, 0.309017, 0.5, 0.0, 0.309017, 0.5, -0.809017, 0.0, -0.5, 0.809017, 0.309017, 0.0, 0.0, 0.0, 0.0, 1.0 ], [ -0.5, 0.809017, 0.309017, 0.0, 0.809017, 0.309017, 0.5, 0.0, 0.309017, 0.5, -0.809017, 0.0, 0.0, 0.0, 0.0, 1.0 ], [ 0.309017, 0.5, -0.809017, 0.0, -0.5, 0.809017, 0.309017, 0.0, 0.809017, 0.309017, 0.5, 0.0, 0.0, 0.0, 0.0, 1.0 ], [ 0.5, 0.809017, 0.309017, 0.0, 0.809017, -0.309017, -0.5, 0.0, -0.309017, 0.5, -0.809017, 0.0, 0.0, 0.0, 0.0, 1.0 ], [ -0.309017, 0.5, -0.809017, 0.0, 0.5, 0.809017, 0.309017, 0.0, 0.809017, -0.309017, -0.5, 0.0, 0.0, 0.0, 0.0, 1.0 ], [ 0.809017, -0.309017, -0.5, 0.0, -0.309017, 0.5, -0.809017, 0.0, 0.5, 0.809017, 0.309017, 0.0, 0.0, 0.0, 0.0, 1.0 ], [ 0.5, 0.809017, -0.309017, 0.0, 0.809017, -0.309017, 0.5, 0.0, 0.309017, -0.5, -0.809017, 0.0, 0.0, 0.0, 0.0, 1.0 ], [ 0.309017, -0.5, -0.809017, 0.0, 0.5, 0.809017, -0.309017, 0.0, 0.809017, -0.309017, 0.5, 0.0, 0.0, 0.0, 0.0, 1.0 ], [ 0.809017, -0.309017, 0.5, 0.0, 0.309017, -0.5, -0.809017, 0.0, 0.5, 0.809017, -0.309017, 0.0, 0.0, 0.0, 0.0, 1.0 ], [ 0.809017, 0.309017, -0.5, 0.0, 0.309017, 0.5, 0.809017, 0.0, 0.5, -0.809017, 0.309017, 0.0, 0.0, 0.0, 0.0, 1.0 ], [ 0.5, -0.809017, 0.309017, 0.0, 0.809017, 0.309017, -0.5, 0.0, 0.309017, 0.5, 0.809017, 0.0, 0.0, 0.0, 0.0, 1.0 ], [ 0.309017, 0.5, 0.809017, 0.0, 0.5, -0.809017, 0.309017, 0.0, 0.809017, 0.309017, -0.5, 0.0, 0.0, 0.0, 0.0, 1.0 ], [ 1.0, 0.0, 0.0, 0.0, 0.0, -1.0, 0.0, 0.0, 0.0, 0.0, -1.0, 0.0, 0.0, 0.0, 0.0, 1.0 ], [ 0.0, 0.0, 1.0, 0.0, -1.0, 0.0, 0.0, 0.0, 0.0, -1.0, 0.0, 0.0, 0.0, 0.0, 0.0, 1.0 ], [ 0.0, 1.0, 0.0, 0.0, 0.0, 0.0, -1.0, 0.0, -1.0, 0.0, 0.0, 0.0, 0.0, 0.0, 0.0, 1.0 ], [ 0.809017, 0.309017, 0.5, 0.0, -0.309017, -0.5, 0.809017, 0.0, 0.5, -0.809017, -0.309017, 0.0, 0.0, 0.0, 0.0, 1.0 ], [ -0.5, 0.809017, 0.309017, 0.0, -0.809017, -0.309017, -0.5, 0.0, -0.309017, -0.5, 0.809017, 0.0, 0.0, 0.0, 0.0, 1.0 ], [ 0.309017, 0.5, -0.809017, 0.0, 0.5, -0.809017, -0.309017, 0.0, -0.809017, -0.309017, -0.5, 0.0, 0.0, 0.0, 0.0, 1.0 ], [ 0.5, 0.809017, 0.309017, 0.0, -0.809017, 0.309017, 0.5, 0.0, 0.309017, -0.5, 0.809017, 0.0, 0.0, 0.0, 0.0, 1.0 ], [ -0.309017, 0.5, -0.809017, 0.0, -0.5, -0.809017, -0.309017, 0.0, -0.809017, 0.309017, 0.5, 0.0, 0.0, 0.0, 0.0, 1.0 ], [ 0.809017, -0.309017, -0.5, 0.0, 0.309017, -0.5, 0.809017, 0.0, -0.5, -0.809017, -0.309017, 0.0, 0.0, 0.0, 0.0, 1.0 ], [ 0.5, 0.809017, -0.309017, 0.0, -0.809017, 0.309017, -0.5, 0.0, -0.309017, 0.5, 0.809017, 0.0, 0.0, 0.0, 0.0, 1.0 ], [ 0.309017, -0.5, -0.809017, 0.0, -0.5, -0.809017, 0.309017, 0.0, -0.809017, 0.309017, -0.5, 0.0, 0.0, 0.0, 0.0, 1.0 ], [ 0.809017, -0.309017, 0.5, 0.0, -0.309017, 0.5, 0.809017, 0.0, -0.5, -0.809017, 0.309017, 0.0, 0.0, 0.0, 0.0, 1.0 ], [ 0.809017, 0.309017, -0.5, 0.0, -0.309017, -0.5, -0.809017, 0.0, -0.5, 0.809017, -0.309017, 0.0, 0.0, 0.0, 0.0, 1.0 ], [ 0.5, -0.809017, 0.309017, 0.0, -0.809017, -0.309017, 0.5, 0.0, -0.309017, -0.5, -0.809017, 0.0, 0.0, 0.0, 0.0, 1.0 ], [ 0.309017, 0.5, 0.809017, 0.0, -0.5, 0.809017, -0.309017, 0.0, -0.809017, -0.309017, 0.5, 0.0, 0.0, 0.0, 0.0, 1.0 ], [ -1.0, 0.0, 0.0, 0.0, 0.0, -1.0, 0.0, 0.0, 0.0, 0.0, 1.0, 0.0, 0.0, 0.0, 0.0, 1.0 ], [ 0.0, 0.0, -1.0, 0.0, -1.0, 0.0, 0.0, 0.0, 0.0, 1.0, 0.0, 0.0, 0.0, 0.0, 0.0, 1.0 ], [ 0.0, -1.0, 0.0, 0.0, 0.0, 0.0, -1.0, 0.0, 1.0, 0.0, 0.0, 0.0, 0.0, 0.0, 0.0, 1.0 ], [ -0.809017, -0.309017, -0.5, 0.0, -0.309017, -0.5, 0.809017, 0.0, -0.5, 0.809017, 0.309017, 0.0, 0.0, 0.0, 0.0, 1.0 ], [ 0.5, -0.809017, -0.309017, 0.0, -0.809017, -0.309017, -0.5, 0.0, 0.309017, 0.5, -0.809017, 0.0, 0.0, 0.0, 0.0, 1.0 ], [ -0.309017, -0.5, 0.809017, 0.0, 0.5, -0.809017, -0.309017, 0.0, 0.809017, 0.309017, 0.5, 0.0, 0.0, 0.0, 0.0, 1.0 ], [ -0.5, -0.809017, -0.309017, 0.0, -0.809017, 0.309017, 0.5, 0.0, -0.309017, 0.5, -0.809017, 0.0, 0.0, 0.0, 0.0, 1.0 ], [ 0.309017, -0.5, 0.809017, 0.0, -0.5, -0.809017, -0.309017, 0.0, 0.809017, -0.309017, -0.5, 0.0, 0.0, 0.0, 0.0, 1.0 ], [ -0.809017, 0.309017, 0.5, 0.0, 0.309017, -0.5, 0.809017, 0.0, 0.5, 0.809017, 0.309017, 0.0, 0.0, 0.0, 0.0, 1.0 ], [ -0.5, -0.809017, 0.309017, 0.0, -0.809017, 0.309017, -0.5, 0.0, 0.309017, -0.5, -0.809017, 0.0, 0.0, 0.0, 0.0, 1.0 ], [ -0.309017, 0.5, 0.809017, 0.0, -0.5, -0.809017, 0.309017, 0.0, 0.809017, -0.309017, 0.5, 0.0, 0.0, 0.0, 0.0, 1.0 ], [ -0.809017, 0.309017, -0.5, 0.0, -0.309017, 0.5, 0.809017, 0.0, 0.5, 0.809017, -0.309017, 0.0, 0.0, 0.0, 0.0, 1.0 ], [ -0.809017, -0.309017, 0.5, 0.0, -0.309017, -0.5, -0.809017, 0.0, 0.5, -0.809017, 0.309017, 0.0, 0.0, 0.0, 0.0, 1.0 ], [ -0.5, 0.809017, -0.309017, 0.0, -0.809017, -0.309017, 0.5, 0.0, 0.309017, 0.5, 0.809017, 0.0, 0.0, 0.0, 0.0, 1.0 ], [ -0.309017, -0.5, -0.809017, 0.0, -0.5, 0.809017, -0.309017, 0.0, 0.809017, 0.309017, -0.5, 0.0, 0.0, 0.0, 0.0, 1.0 ], [ -1.0, 0.0, 0.0, 0.0, 0.0, 1.0, 0.0, 0.0, 0.0, 0.0, -1.0, 0.0, 0.0, 0.0, 0.0, 1.0 ], [ 0.0, 0.0, -1.0, 0.0, 1.0, 0.0, 0.0, 0.0, 0.0, -1.0, 0.0, 0.0, 0.0, 0.0, 0.0, 1.0 ], [ 0.0, -1.0, 0.0, 0.0, 0.0, 0.0, 1.0, 0.0, -1.0, 0.0, 0.0, 0.0, 0.0, 0.0, 0.0, 1.0 ], [ -0.809017, -0.309017, -0.5, 0.0, 0.309017, 0.5, -0.809017, 0.0, 0.5, -0.809017, -0.309017, 0.0, 0.0, 0.0, 0.0, 1.0 ], [ 0.5, -0.809017, -0.309017, 0.0, 0.809017, 0.309017, 0.5, 0.0, -0.309017, -0.5, 0.809017, 0.0, 0.0, 0.0, 0.0, 1.0 ], [ -0.309017, -0.5, 0.809017, 0.0, -0.5, 0.809017, 0.309017, 0.0, -0.809017, -0.309017, -0.5, 0.0, 0.0, 0.0, 0.0, 1.0 ], [ -0.5, -0.809017, -0.309017, 0.0, 0.809017, -0.309017, -0.5, 0.0, 0.309017, -0.5, 0.809017, 0.0, 0.0, 0.0, 0.0, 1.0 ], [ 0.309017, -0.5, 0.809017, 0.0, 0.5, 0.809017, 0.309017, 0.0, -0.809017, 0.309017, 0.5, 0.0, 0.0, 0.0, 0.0, 1.0 ], [ -0.809017, 0.309017, 0.5, 0.0, -0.309017, 0.5, -0.809017, 0.0, -0.5, -0.809017, -0.309017, 0.0, 0.0, 0.0, 0.0, 1.0 ], [ -0.5, -0.809017, 0.309017, 0.0, 0.809017, -0.309017, 0.5, 0.0, -0.309017, 0.5, 0.809017, 0.0, 0.0, 0.0, 0.0, 1.0 ], [ -0.309017, 0.5, 0.809017, 0.0, 0.5, 0.809017, -0.309017, 0.0, -0.809017, 0.309017, -0.5, 0.0, 0.0, 0.0, 0.0, 1.0 ], [ -0.809017, 0.309017, -0.5, 0.0, 0.309017, -0.5, -0.809017, 0.0, -0.5, -0.809017, 0.309017, 0.0, 0.0, 0.0, 0.0, 1.0 ], [ -0.809017, -0.309017, 0.5, 0.0, 0.309017, 0.5, 0.809017, 0.0, -0.5, 0.809017, -0.309017, 0.0, 0.0, 0.0, 0.0, 1.0 ], [ -0.5, 0.809017, -0.309017, 0.0, 0.809017, 0.309017, -0.5, 0.0, -0.309017, -0.5, -0.809017, 0.0, 0.0, 0.0, 0.0, 1.0 ], [ -0.309017, -0.5, -0.809017, 0.0, 0.5, -0.809017, 0.309017, 0.0, -0.809017, -0.309017, 0.5, 0.0, 0.0, 0.0, 0.0, 1.0 ] ],
  "lights" : {
    "directionalLights" : [ {
      "direction" : [ 1.0, -1.0, -1.0 ],
      "color" : "#EBEBE4"
    }, {
      "direction" : [ -1.0, 0.0, 0.0 ],
      "color" : "#E4E4EB"
    }, {
      "direction" : [ 0.0, 0.0, -1.0 ],
      "color" : "#1E1E1E"
    } ],
    "ambientColor" : "#292929",
    "backgroundColor" : "#2B3842"
  },
  "camera" : {
    "position" : {
      "x" : 12.708204,
      "y" : 187.82956,
      "z" : 471.18185
    },
    "width" : 228.23415,
    "perspective" : false,
    "viewDistance" : 507.18683,
    "lookDirectionRV" : {
      "x" : 0.0,
      "y" : -0.3568221,
      "z" : -0.93417233,
      "zero" : false
    },
    "upDirectionRV" : {
      "x" : 0.8660254,
      "y" : 0.4670862,
      "z" : -0.17841105,
      "zero" : false
    },
    "lookAtPointRV" : {
      "x" : 12.708204,
      "y" : 6.854102,
      "z" : -2.618034,
      "zero" : false
    },
    "fieldOfView" : 0.442629,
    "nearClipDistance" : 1.2679676,
    "lookAtPoint" : {
      "x" : 12.708204,
      "y" : 6.854102,
      "z" : -2.618034
    },
    "farClipDistance" : 1014.37256,
    "lookDirection" : {
      "x" : 0.0,
      "y" : -0.3568221,
      "z" : -0.93417233
    },
    "upDirection" : {
      "x" : 0.8660254,
      "y" : 0.4670862,
      "z" : -0.17841105
    },
    "stereo" : false
  },
  "embedding" : [ 1.0, 0.0, 0.0, 0.0, 0.0, 1.0, 0.0, 0.0, 0.0, 0.0, 1.0, 0.0, 0.0, 0.0, 0.0, 1.0 ],
  "shapes" : [ {
    "id" : "43c16e81-5a3e-4fb8-a0bc-9ebcba19ffda",
    "orbit" : "blue",
    "orbitC" : "[[0,0,1],[0,0,1]]",
    "length" : "[\"1\",\"0\",\"1\"]",
    "name" : "b1",
    "vertices" : [ {
      "x" : 7.472136,
      "y" : 0.309017,
      "z" : 0.19098301
    }, {
      "x" : 7.472136,
      "y" : 0.309017,
      "z" : -0.19098301
    }, {
      "x" : 1.0,
      "y" : 0.309017,
      "z" : -0.19098301
    }, {
      "x" : 1.0,
      "y" : 0.309017,
      "z" : 0.19098301
    }, {
      "x" : 7.472136,
      "y" : -0.309017,
      "z" : 0.19098301
    }, {
      "x" : 1.0,
      "y" : -0.309017,
      "z" : 0.19098301
    }, {
      "x" : 1.0,
      "y" : -0.309017,
      "z" : -0.19098301
    }, {
      "x" : 7.472136,
      "y" : -0.309017,
      "z" : -0.19098301
    }, {
      "x" : 8.472136,
      "y" : 0.0,
      "z" : 0.0
    } ],
    "faces" : [ {
      "vertices" : [ 1, 7, 6, 2 ]
    }, {
      "vertices" : [ 0, 1, 2, 3 ]
    }, {
      "vertices" : [ 4, 5, 6, 7 ]
    }, {
      "vertices" : [ 0, 3, 5, 4 ]
    } ]
  }, {
    "id" : "18cb877b-3fb6-4588-835b-e048d18f724d",
    "name" : "ball",
    "vertices" : [ {
      "x" : 0.309017,
      "y" : -0.809017,
      "z" : 0.618034
    }, {
      "x" : 0.809017,
      "y" : -0.618034,
      "z" : 0.309017
    }, {
      "x" : 0.618034,
      "y" : -0.309017,
      "z" : 0.809017
    }, {
      "x" : 1.0,
      "y" : 0.309017,
      "z" : 0.19098301
    }, {
      "x" : 0.809017,
      "y" : 0.618034,
      "z" : 0.309017
    }, {
      "x" : 0.618034,
      "y" : 0.309017,
      "z" : 0.809017
    }, {
      "x" : 0.809017,
      "y" : 0.0,
      "z" : 0.690983
    }, {
      "x" : 0.19098301,
      "y" : -1.0,
      "z" : 0.309017
    }, {
      "x" : -0.19098301,
      "y" : -1.0,
      "z" : 0.309017
    }, {
      "x" : -0.19098301,
      "y" : -1.0,
      "z" : -0.309017
    }, {
      "x" : 0.19098301,
      "y" : -1.0,
      "z" : -0.309017
    }, {
      "x" : 1.0,
      "y" : -0.309017,
      "z" : -0.19098301
    }, {
      "x" : 0.809017,
      "y" : -0.618034,
      "z" : -0.309017
    }, {
      "x" : 0.618034,
      "y" : -0.309017,
      "z" : -0.809017
    }, {
      "x" : 0.809017,
      "y" : 0.0,
      "z" : -0.690983
    }, {
      "x" : 0.0,
      "y" : 0.690983,
      "z" : -0.809017
    }, {
      "x" : 0.309017,
      "y" : 0.809017,
      "z" : -0.618034
    }, {
      "x" : 0.618034,
      "y" : 0.309017,
      "z" : -0.809017
    }, {
      "x" : 0.309017,
      "y" : 0.19098301,
      "z" : -1.0
    }, {
      "x" : 1.0,
      "y" : 0.309017,
      "z" : -0.19098301
    }, {
      "x" : -0.309017,
      "y" : -0.809017,
      "z" : 0.618034
    }, {
      "x" : 0.0,
      "y" : -0.690983,
      "z" : 0.809017
    }, {
      "x" : 0.809017,
      "y" : 0.618034,
      "z" : -0.309017
    }, {
      "x" : 0.690983,
      "y" : 0.809017,
      "z" : 0.0
    }, {
      "x" : -0.690983,
      "y" : 0.809017,
      "z" : 0.0
    }, {
      "x" : -0.809017,
      "y" : 0.618034,
      "z" : 0.309017
    }, {
      "x" : -0.309017,
      "y" : 0.809017,
      "z" : 0.618034
    }, {
      "x" : -0.19098301,
      "y" : 1.0,
      "z" : 0.309017
    }, {
      "x" : 0.309017,
      "y" : -0.19098301,
      "z" : -1.0
    }, {
      "x" : 0.19098301,
      "y" : 1.0,
      "z" : 0.309017
    }, {
      "x" : 0.309017,
      "y" : 0.809017,
      "z" : 0.618034
    }, {
      "x" : -0.809017,
      "y" : -0.618034,
      "z" : 0.309017
    }, {
      "x" : -0.690983,
      "y" : -0.809017,
      "z" : 0.0
    }, {
      "x" : 0.0,
      "y" : 0.690983,
      "z" : 0.809017
    }, {
      "x" : 0.309017,
      "y" : -0.809017,
      "z" : -0.618034
    }, {
      "x" : 0.0,
      "y" : -0.690983,
      "z" : -0.809017
    }, {
      "x" : -1.0,
      "y" : 0.309017,
      "z" : 0.19098301
    }, {
      "x" : -0.809017,
      "y" : 0.0,
      "z" : 0.690983
    }, {
      "x" : -0.618034,
      "y" : 0.309017,
      "z" : 0.809017
    }, {
      "x" : 1.0,
      "y" : -0.309017,
      "z" : 0.19098301
    }, {
      "x" : -0.309017,
      "y" : -0.809017,
      "z" : -0.618034
    }, {
      "x" : -1.0,
      "y" : 0.309017,
      "z" : -0.19098301
    }, {
      "x" : -1.0,
      "y" : -0.309017,
      "z" : -0.19098301
    }, {
      "x" : -1.0,
      "y" : -0.309017,
      "z" : 0.19098301
    }, {
      "x" : 0.19098301,
      "y" : 1.0,
      "z" : -0.309017
    }, {
      "x" : -0.809017,
      "y" : 0.618034,
      "z" : -0.309017
    }, {
      "x" : -0.19098301,
      "y" : 1.0,
      "z" : -0.309017
    }, {
      "x" : -0.309017,
      "y" : 0.809017,
      "z" : -0.618034
    }, {
      "x" : -0.618034,
      "y" : -0.309017,
      "z" : 0.809017
    }, {
      "x" : 0.309017,
      "y" : 0.19098301,
      "z" : 1.0
    }, {
      "x" : -0.309017,
      "y" : 0.19098301,
      "z" : -1.0
    }, {
      "x" : -0.309017,
      "y" : 0.19098301,
      "z" : 1.0
    }, {
      "x" : -0.309017,
      "y" : -0.19098301,
      "z" : 1.0
    }, {
      "x" : 0.309017,
      "y" : -0.19098301,
      "z" : 1.0
    }, {
      "x" : 0.690983,
      "y" : -0.809017,
      "z" : 0.0
    }, {
      "x" : -0.809017,
      "y" : 0.0,
      "z" : -0.690983
    }, {
      "x" : -0.618034,
      "y" : -0.309017,
      "z" : -0.809017
    }, {
      "x" : -0.309017,
      "y" : -0.19098301,
      "z" : -1.0
    }, {
      "x" : -0.618034,
      "y" : 0.309017,
      "z" : -0.809017
    }, {
      "x" : -0.809017,
      "y" : -0.618034,
      "z" : -0.309017
    } ],
    "faces" : [ {
      "vertices" : [ 9, 40, 35, 34, 10 ]
    }, {
      "vertices" : [ 0, 1, 2 ]
    }, {
      "vertices" : [ 33, 51, 49 ]
    }, {
      "vertices" : [ 25, 36, 37, 38 ]
    }, {
      "vertices" : [ 41, 55, 42 ]
    }, {
      "vertices" : [ 9, 32, 59, 40 ]
    }, {
      "vertices" : [ 20, 21, 52, 48 ]
    }, {
      "vertices" : [ 26, 33, 30, 29, 27 ]
    }, {
      "vertices" : [ 3, 4, 5, 6 ]
    }, {
      "vertices" : [ 27, 29, 44, 46 ]
    }, {
      "vertices" : [ 50, 57, 56, 55, 58 ]
    }, {
      "vertices" : [ 26, 38, 51, 33 ]
    }, {
      "vertices" : [ 45, 47, 58 ]
    }, {
      "vertices" : [ 18, 28, 57, 50 ]
    }, {
      "vertices" : [ 40, 59, 56 ]
    }, {
      "vertices" : [ 31, 48, 37, 43 ]
    }, {
      "vertices" : [ 7, 8, 9, 10 ]
    }, {
      "vertices" : [ 36, 41, 42, 43 ]
    }, {
      "vertices" : [ 24, 46, 47, 45 ]
    }, {
      "vertices" : [ 4, 30, 5 ]
    }, {
      "vertices" : [ 15, 47, 46, 44, 16 ]
    }, {
      "vertices" : [ 15, 50, 58, 47 ]
    }, {
      "vertices" : [ 24, 45, 41, 36, 25 ]
    }, {
      "vertices" : [ 11, 14, 19 ]
    }, {
      "vertices" : [ 3, 6, 39 ]
    }, {
      "vertices" : [ 1, 39, 6, 2 ]
    }, {
      "vertices" : [ 8, 32, 9 ]
    }, {
      "vertices" : [ 11, 12, 13, 14 ]
    }, {
      "vertices" : [ 16, 22, 17 ]
    }, {
      "vertices" : [ 0, 21, 20, 8, 7 ]
    }, {
      "vertices" : [ 12, 34, 13 ]
    }, {
      "vertices" : [ 35, 40, 56, 57 ]
    }, {
      "vertices" : [ 0, 7, 54, 1 ]
    }, {
      "vertices" : [ 15, 16, 17, 18 ]
    }, {
      "vertices" : [ 3, 19, 22, 23, 4 ]
    }, {
      "vertices" : [ 7, 10, 54 ]
    }, {
      "vertices" : [ 41, 45, 58, 55 ]
    }, {
      "vertices" : [ 3, 39, 11, 19 ]
    }, {
      "vertices" : [ 14, 17, 22, 19 ]
    }, {
      "vertices" : [ 0, 2, 53, 21 ]
    }, {
      "vertices" : [ 49, 51, 52, 53 ]
    }, {
      "vertices" : [ 31, 43, 42, 59, 32 ]
    }, {
      "vertices" : [ 15, 18, 50 ]
    }, {
      "vertices" : [ 42, 55, 56, 59 ]
    }, {
      "vertices" : [ 4, 23, 29, 30 ]
    }, {
      "vertices" : [ 25, 38, 26 ]
    }, {
      "vertices" : [ 13, 28, 18, 17, 14 ]
    }, {
      "vertices" : [ 8, 20, 31, 32 ]
    }, {
      "vertices" : [ 23, 44, 29 ]
    }, {
      "vertices" : [ 24, 27, 46 ]
    }, {
      "vertices" : [ 37, 48, 52, 51, 38 ]
    }, {
      "vertices" : [ 20, 48, 31 ]
    }, {
      "vertices" : [ 24, 25, 26, 27 ]
    }, {
      "vertices" : [ 16, 44, 23, 22 ]
    }, {
      "vertices" : [ 13, 34, 35, 28 ]
    }, {
      "vertices" : [ 10, 34, 12, 54 ]
    }, {
      "vertices" : [ 2, 6, 5, 49, 53 ]
    }, {
      "vertices" : [ 36, 43, 37 ]
    }, {
      "vertices" : [ 5, 30, 33, 49 ]
    }, {
      "vertices" : [ 1, 54, 12, 11, 39 ]
    }, {
      "vertices" : [ 28, 35, 57 ]
    }, {
      "vertices" : [ 21, 53, 52 ]
    } ]
  } ],
  "instances" : [ {
    "shape" : "43c16e81-5a3e-4fb8-a0bc-9ebcba19ffda",
    "color" : "#007695",
    "position" : {
      "x" : -30.652475,
      "y" : 49.59675,
      "z" : -18.944271
    },
    "orientation" : 41
  }, {
    "shape" : "43c16e81-5a3e-4fb8-a0bc-9ebcba19ffda",
    "color" : "#007695",
    "position" : {
      "x" : 50.214783,
      "y" : 40.12461,
      "z" : -12.09017
    },
    "orientation" : 0
  }, {
    "shape" : "43c16e81-5a3e-4fb8-a0bc-9ebcba19ffda",
    "color" : "#007695",
    "position" : {
      "x" : 8.472136,
      "y" : -49.59675,
      "z" : 18.944271
    },
    "orientation" : 54
  }, {
    "shape" : "18cb877b-3fb6-4588-835b-e048d18f724d",
    "color" : "#F2F2F2",
    "position" : {
      "x" : -48.59675,
      "y" : 37.506577,
      "z" : -7.854102
    }
  }, {
    "shape" : "18cb877b-3fb6-4588-835b-e048d18f724d",
    "color" : "#F2F2F2",
    "position" : {
      "x" : -11.09017,
      "y" : -9.472136,
      "z" : 6.854102
    }
  }, {
    "shape" : "43c16e81-5a3e-4fb8-a0bc-9ebcba19ffda",
    "color" : "#007695",
    "position" : {
      "x" : -11.09017,
      "y" : -9.472136,
      "z" : 6.854102
    },
    "orientation" : 0
  }, {
    "shape" : "43c16e81-5a3e-4fb8-a0bc-9ebcba19ffda",
    "color" : "#007695",
    "position" : {
      "x" : 19.562305,
      "y" : -36.888542,
      "z" : 20.562305
    },
    "orientation" : 56
  }, {
    "shape" : "18cb877b-3fb6-4588-835b-e048d18f724d",
    "color" : "#F2F2F2",
    "position" : {
      "x" : 0.0,
      "y" : 22.18034,
      "z" : -5.236068
    }
  }, {
    "shape" : "18cb877b-3fb6-4588-835b-e048d18f724d",
    "color" : "#F2F2F2",
    "position" : {
      "x" : -13.708204,
      "y" : 22.18034,
      "z" : -5.236068
    }
  }, {
    "shape" : "43c16e81-5a3e-4fb8-a0bc-9ebcba19ffda",
    "color" : "#007695",
    "position" : {
      "x" : 12.708204,
      "y" : 6.854102,
      "z" : -2.618034
    },
    "orientation" : 8
  }, {
    "shape" : "43c16e81-5a3e-4fb8-a0bc-9ebcba19ffda",
    "color" : "#007695",
    "position" : {
      "x" : -2.618034,
      "y" : 31.652475,
      "z" : -12.09017
    },
    "orientation" : 39
  }, {
    "shape" : "18cb877b-3fb6-4588-835b-e048d18f724d",
    "color" : "#F2F2F2",
    "position" : {
      "x" : 50.214783,
      "y" : 4.236068,
      "z" : 1.618034
    }
  }, {
    "shape" : "43c16e81-5a3e-4fb8-a0bc-9ebcba19ffda",
    "color" : "#007695",
    "position" : {
      "x" : -11.09017,
      "y" : 4.236068,
      "z" : 1.618034
    },
    "orientation" : 56
  }, {
    "shape" : "18cb877b-3fb6-4588-835b-e048d18f724d",
    "color" : "#F2F2F2",
    "position" : {
      "x" : 12.708204,
      "y" : 29.034441,
      "z" : -7.854102
    }
  }, {
    "shape" : "43c16e81-5a3e-4fb8-a0bc-9ebcba19ffda",
    "color" : "#007695",
    "position" : {
      "x" : -15.326238,
      "y" : 46.978714,
      "z" : -14.708204
    },
    "orientation" : 21
  }, {
    "shape" : "18cb877b-3fb6-4588-835b-e048d18f724d",
    "color" : "#F2F2F2",
    "position" : {
      "x" : 34.888542,
      "y" : 15.326238,
      "z" : -2.618034
    }
  }, {
    "shape" : "18cb877b-3fb6-4588-835b-e048d18f724d",
    "color" : "#F2F2F2",
    "position" : {
      "x" : 23.798374,
      "y" : 24.798374,
      "z" : -9.472136
    }
  }, {
    "shape" : "43c16e81-5a3e-4fb8-a0bc-9ebcba19ffda",
    "color" : "#007695",
    "position" : {
      "x" : 30.652475,
      "y" : 49.59675,
      "z" : -18.944271
    },
    "orientation" : 0
  }, {
    "shape" : "18cb877b-3fb6-4588-835b-e048d18f724d",
    "color" : "#F2F2F2",
    "position" : {
      "x" : 16.944271,
      "y" : -27.416409,
      "z" : 13.708204
    }
  }, {
    "shape" : "18cb877b-3fb6-4588-835b-e048d18f724d",
    "color" : "#F2F2F2",
    "position" : {
      "x" : -17.944271,
      "y" : 29.034441,
      "z" : -7.854102
    }
  }, {
    "shape" : "43c16e81-5a3e-4fb8-a0bc-9ebcba19ffda",
    "color" : "#007695",
    "position" : {
      "x" : 0.0,
      "y" : 22.18034,
      "z" : -5.236068
    },
    "orientation" : 41
  }, {
    "shape" : "43c16e81-5a3e-4fb8-a0bc-9ebcba19ffda",
    "color" : "#007695",
    "position" : {
      "x" : 65.54102,
      "y" : 6.854102,
      "z" : -2.618034
    },
    "orientation" : 39
  }, {
    "shape" : "18cb877b-3fb6-4588-835b-e048d18f724d",
    "color" : "#F2F2F2",
    "position" : {
      "x" : 47.59675,
      "y" : 49.59675,
      "z" : -18.944271
    }
  }, {
    "shape" : "43c16e81-5a3e-4fb8-a0bc-9ebcba19ffda",
    "color" : "#007695",
    "position" : {
      "x" : -2.618034,
      "y" : -45.36068,
      "z" : 20.562305
    },
    "orientation" : 1
  }, {
    "shape" : "43c16e81-5a3e-4fb8-a0bc-9ebcba19ffda",
    "color" : "#007695",
    "position" : {
      "x" : -6.854102,
      "y" : -2.618034,
      "z" : 4.236068
    },
    "orientation" : 0
  }, {
    "shape" : "43c16e81-5a3e-4fb8-a0bc-9ebcba19ffda",
    "color" : "#007695",
    "position" : {
      "x" : 23.798374,
      "y" : 46.978714,
      "z" : -14.708204
    },
    "orientation" : 39
  }, {
    "shape" : "43c16e81-5a3e-4fb8-a0bc-9ebcba19ffda",
    "color" : "#007695",
    "position" : {
      "x" : 50.214783,
      "y" : 4.236068,
      "z" : 1.618034
    },
    "orientation" : 56
  }, {
    "shape" : "18cb877b-3fb6-4588-835b-e048d18f724d",
    "color" : "#F2F2F2",
    "position" : {
      "x" : 19.562305,
      "y" : 12.708204,
      "z" : 1.618034
    }
  }, {
    "shape" : "43c16e81-5a3e-4fb8-a0bc-9ebcba19ffda",
    "color" : "#007695",
    "position" : {
      "x" : -2.618034,
      "y" : -36.888542,
      "z" : 20.562305
    },
    "orientation" : 6
  }, {
    "shape" : "43c16e81-5a3e-4fb8-a0bc-9ebcba19ffda",
    "color" : "#007695",
    "position" : {
      "x" : 28.034441,
      "y" : -17.944271,
      "z" : 6.854102
    },
    "orientation" : 8
  }, {
    "shape" : "18cb877b-3fb6-4588-835b-e048d18f724d",
    "color" : "#F2F2F2",
    "position" : {
      "x" : 34.888542,
      "y" : 37.506577,
      "z" : -7.854102
    }
  }, {
    "shape" : "43c16e81-5a3e-4fb8-a0bc-9ebcba19ffda",
    "color" : "#007695",
    "position" : {
      "x" : -48.59675,
      "y" : 15.326238,
      "z" : -2.618034
    },
    "orientation" : 6
  }, {
    "shape" : "43c16e81-5a3e-4fb8-a0bc-9ebcba19ffda",
    "color" : "#007695",
    "position" : {
      "x" : 39.12461,
      "y" : 30.652475,
      "z" : -5.236068
    },
    "orientation" : 16
  }, {
    "shape" : "43c16e81-5a3e-4fb8-a0bc-9ebcba19ffda",
    "color" : "#007695",
    "position" : {
      "x" : 1.618034,
      "y" : -52.214783,
      "z" : 23.18034
    },
    "orientation" : 8
  }, {
    "shape" : "18cb877b-3fb6-4588-835b-e048d18f724d",
    "color" : "#F2F2F2",
    "position" : {
      "x" : 34.888542,
      "y" : 29.034441,
      "z" : -7.854102
    }
  }, {
    "shape" : "43c16e81-5a3e-4fb8-a0bc-9ebcba19ffda",
    "color" : "#007695",
    "position" : {
      "x" : -17.944271,
      "y" : -20.562305,
      "z" : 11.09017
    },
    "orientation" : 23
  }, {
    "shape" : "18cb877b-3fb6-4588-835b-e048d18f724d",
    "color" : "#F2F2F2",
    "position" : {
      "x" : -37.506577,
      "y" : 19.562305,
      "z" : -1.0
    }
  }, {
    "shape" : "43c16e81-5a3e-4fb8-a0bc-9ebcba19ffda",
    "color" : "#007695",
    "position" : {
      "x" : 65.54102,
      "y" : 29.034441,
      "z" : -7.854102
    },
    "orientation" : 39
  }, {
    "shape" : "18cb877b-3fb6-4588-835b-e048d18f724d",
    "color" : "#F2F2F2",
    "position" : {
      "x" : 43.36068,
      "y" : 29.034441,
      "z" : -7.854102
    }
  }, {
    "shape" : "43c16e81-5a3e-4fb8-a0bc-9ebcba19ffda",
    "color" : "#007695",
    "position" : {
      "x" : 58.686916,
      "y" : 12.708204,
      "z" : 1.618034
    },
    "orientation" : 16
  }, {
    "shape" : "43c16e81-5a3e-4fb8-a0bc-9ebcba19ffda",
    "color" : "#007695",
    "position" : {
      "x" : 45.978714,
      "y" : 19.562305,
      "z" : -1.0
    },
    "orientation" : 21
  }, {
    "shape" : "18cb877b-3fb6-4588-835b-e048d18f724d",
    "color" : "#F2F2F2",
    "position" : {
      "x" : 19.562305,
      "y" : 4.236068,
      "z" : 1.618034
    }
  }, {
    "shape" : "43c16e81-5a3e-4fb8-a0bc-9ebcba19ffda",
    "color" : "#007695",
    "position" : {
      "x" : 32.27051,
      "y" : -2.618034,
      "z" : 4.236068
    },
    "orientation" : 8
  }, {
    "shape" : "43c16e81-5a3e-4fb8-a0bc-9ebcba19ffda",
    "color" : "#007695",
    "position" : {
      "x" : -2.618034,
      "y" : 12.708204,
      "z" : 1.618034
    },
    "orientation" : 45
  }, {
    "shape" : "43c16e81-5a3e-4fb8-a0bc-9ebcba19ffda",
    "color" : "#007695",
    "position" : {
      "x" : 1.618034,
      "y" : -2.618034,
      "z" : 4.236068
    },
    "orientation" : 8
  }, {
    "shape" : "18cb877b-3fb6-4588-835b-e048d18f724d",
    "color" : "#F2F2F2",
    "position" : {
      "x" : -6.854102,
      "y" : -30.034441,
      "z" : 17.944271
    }
  }, {
    "shape" : "43c16e81-5a3e-4fb8-a0bc-9ebcba19ffda",
    "color" : "#007695",
    "position" : {
      "x" : -15.326238,
      "y" : 24.798374,
      "z" : -9.472136
    },
    "orientation" : 41
  }, {
    "shape" : "43c16e81-5a3e-4fb8-a0bc-9ebcba19ffda",
    "color" : "#007695",
    "position" : {
      "x" : 28.034441,
      "y" : -36.888542,
      "z" : 20.562305
    },
    "orientation" : 16
  }, {
    "shape" : "43c16e81-5a3e-4fb8-a0bc-9ebcba19ffda",
    "color" : "#007695",
    "position" : {
      "x" : -6.854102,
      "y" : 46.978714,
      "z" : -14.708204
    },
    "orientation" : 8
  }, {
    "shape" : "18cb877b-3fb6-4588-835b-e048d18f724d",
    "color" : "#F2F2F2",
    "position" : {
      "x" : -26.416409,
      "y" : 15.326238,
      "z" : -2.618034
    }
  }, {
    "shape" : "43c16e81-5a3e-4fb8-a0bc-9ebcba19ffda",
    "color" : "#007695",
    "position" : {
      "x" : 1.618034,
      "y" : -52.214783,
      "z" : 23.18034
    },
    "orientation" : 23
  }, {
    "shape" : "43c16e81-5a3e-4fb8-a0bc-9ebcba19ffda",
    "color" : "#007695",
    "position" : {
      "x" : 12.708204,
      "y" : -42.742645,
      "z" : 16.326239
    },
    "orientation" : 54
  }, {
    "shape" : "43c16e81-5a3e-4fb8-a0bc-9ebcba19ffda",
    "color" : "#007695",
    "position" : {
      "x" : 39.12461,
      "y" : 22.18034,
      "z" : -5.236068
    },
    "orientation" : 21
  }, {
    "shape" : "43c16e81-5a3e-4fb8-a0bc-9ebcba19ffda",
    "color" : "#007695",
    "position" : {
      "x" : 19.562305,
      "y" : 4.236068,
      "z" : 1.618034
    },
    "orientation" : 0
  }, {
    "shape" : "43c16e81-5a3e-4fb8-a0bc-9ebcba19ffda",
    "color" : "#007695",
    "position" : {
      "x" : 1.618034,
      "y" : -30.034441,
      "z" : 17.944271
    },
    "orientation" : 23
  }, {
    "shape" : "18cb877b-3fb6-4588-835b-e048d18f724d",
    "color" : "#F2F2F2",
    "position" : {
      "x" : 12.708204,
      "y" : 15.326238,
      "z" : -2.618034
    }
  }, {
    "shape" : "18cb877b-3fb6-4588-835b-e048d18f724d",
    "color" : "#F2F2F2",
    "position" : {
      "x" : 12.708204,
      "y" : -12.09017,
      "z" : 11.09017
    }
  }, {
    "shape" : "43c16e81-5a3e-4fb8-a0bc-9ebcba19ffda",
    "color" : "#007695",
    "position" : {
      "x" : 12.708204,
      "y" : -12.09017,
      "z" : 11.09017
    },
    "orientation" : 16
  }, {
    "shape" : "18cb877b-3fb6-4588-835b-e048d18f724d",
    "color" : "#F2F2F2",
    "position" : {
      "x" : 23.798374,
      "y" : 46.978714,
      "z" : -14.708204
    }
  }, {
    "shape" : "18cb877b-3fb6-4588-835b-e048d18f724d",
    "color" : "#F2F2F2",
    "position" : {
      "x" : 16.944271,
      "y" : 0.0,
      "z" : 0.0
    }
  }, {
    "shape" : "18cb877b-3fb6-4588-835b-e048d18f724d",
    "color" : "#F2F2F2",
    "position" : {
      "x" : 4.236068,
      "y" : 6.854102,
      "z" : -2.618034
    }
  }, {
    "shape" : "43c16e81-5a3e-4fb8-a0bc-9ebcba19ffda",
    "color" : "#007695",
    "position" : {
      "x" : 19.562305,
      "y" : -17.944271,
      "z" : 6.854102
    },
    "orientation" : 39
  }, {
    "shape" : "43c16e81-5a3e-4fb8-a0bc-9ebcba19ffda",
    "color" : "#007695",
    "position" : {
      "x" : 47.59675,
      "y" : -5.236068,
      "z" : 8.472136
    },
    "orientation" : 23
  }, {
    "shape" : "43c16e81-5a3e-4fb8-a0bc-9ebcba19ffda",
    "color" : "#007695",
    "position" : {
      "x" : -29.034441,
      "y" : 19.562305,
      "z" : -1.0
    },
    "orientation" : 45
  }, {
    "shape" : "43c16e81-5a3e-4fb8-a0bc-9ebcba19ffda",
    "color" : "#007695",
    "position" : {
      "x" : -41.742645,
      "y" : 12.708204,
      "z" : 1.618034
    },
    "orientation" : 6
  }, {
    "shape" : "43c16e81-5a3e-4fb8-a0bc-9ebcba19ffda",
    "color" : "#007695",
    "position" : {
      "x" : -11.09017,
      "y" : -9.472136,
      "z" : 6.854102
    },
    "orientation" : 16
  }, {
    "shape" : "43c16e81-5a3e-4fb8-a0bc-9ebcba19ffda",
    "color" : "#007695",
    "position" : {
      "x" : 54.45085,
      "y" : 46.978714,
      "z" : -14.708204
    },
    "orientation" : 8
  }, {
    "shape" : "43c16e81-5a3e-4fb8-a0bc-9ebcba19ffda",
    "color" : "#007695",
    "position" : {
      "x" : 4.236068,
      "y" : -42.742645,
      "z" : 16.326239
    },
    "orientation" : 1
  }, {
    "shape" : "18cb877b-3fb6-4588-835b-e048d18f724d",
    "color" : "#F2F2F2",
    "position" : {
      "x" : 39.12461,
      "y" : 30.652475,
      "z" : -5.236068
    }
  }, {
    "shape" : "43c16e81-5a3e-4fb8-a0bc-9ebcba19ffda",
    "color" : "#007695",
    "position" : {
      "x" : -17.944271,
      "y" : 37.506577,
      "z" : -7.854102
    },
    "orientation" : 16
  }, {
    "shape" : "18cb877b-3fb6-4588-835b-e048d18f724d",
    "color" : "#F2F2F2",
    "position" : {
      "x" : -17.944271,
      "y" : 15.326238,
      "z" : -2.618034
    }
  }, {
    "shape" : "43c16e81-5a3e-4fb8-a0bc-9ebcba19ffda",
    "color" : "#007695",
    "position" : {
      "x" : 32.27051,
      "y" : 24.798374,
      "z" : -9.472136
    },
    "orientation" : 8
  }, {
    "shape" : "18cb877b-3fb6-4588-835b-e048d18f724d",
    "color" : "#F2F2F2",
    "position" : {
      "x" : 23.798374,
      "y" : 19.562305,
      "z" : -1.0
    }
  }, {
    "shape" : "43c16e81-5a3e-4fb8-a0bc-9ebcba19ffda",
    "color" : "#007695",
    "position" : {
      "x" : 28.034441,
      "y" : 4.236068,
      "z" : 1.618034
    },
    "orientation" : 23
  }, {
    "shape" : "43c16e81-5a3e-4fb8-a0bc-9ebcba19ffda",
    "color" : "#007695",
    "position" : {
      "x" : -30.652475,
      "y" : 49.59675,
      "z" : -18.944271
    },
    "orientation" : 0
  }, {
    "shape" : "43c16e81-5a3e-4fb8-a0bc-9ebcba19ffda",
    "color" : "#007695",
    "position" : {
      "x" : 50.214783,
      "y" : 12.708204,
      "z" : 1.618034
    },
    "orientation" : 16
  }, {
    "shape" : "43c16e81-5a3e-4fb8-a0bc-9ebcba19ffda",
    "color" : "#007695",
    "position" : {
      "x" : 8.472136,
      "y" : -54.832817,
      "z" : 27.416409
    },
    "orientation" : 0
  }, {
    "shape" : "18cb877b-3fb6-4588-835b-e048d18f724d",
    "color" : "#F2F2F2",
    "position" : {
      "x" : 4.236068,
      "y" : -42.742645,
      "z" : 16.326239
    }
  }, {
    "shape" : "43c16e81-5a3e-4fb8-a0bc-9ebcba19ffda",
    "color" : "#007695",
    "position" : {
      "x" : 12.708204,
      "y" : -20.562305,
      "z" : 11.09017
    },
    "orientation" : 23
  }, {
    "shape" : "18cb877b-3fb6-4588-835b-e048d18f724d",
    "color" : "#F2F2F2",
    "position" : {
      "x" : 16.944271,
      "y" : 22.18034,
      "z" : -5.236068
    }
  }, {
    "shape" : "18cb877b-3fb6-4588-835b-e048d18f724d",
    "color" : "#F2F2F2",
    "position" : {
      "x" : -2.618034,
      "y" : 4.236068,
      "z" : 1.618034
    }
  }, {
    "shape" : "43c16e81-5a3e-4fb8-a0bc-9ebcba19ffda",
    "color" : "#007695",
    "position" : {
      "x" : 34.888542,
      "y" : -20.562305,
      "z" : 11.09017
    },
    "orientation" : 21
  }, {
    "shape" : "18cb877b-3fb6-4588-835b-e048d18f724d",
    "color" : "#F2F2F2",
    "position" : {
      "x" : 58.686916,
      "y" : 12.708204,
      "z" : 1.618034
    }
  }, {
    "shape" : "18cb877b-3fb6-4588-835b-e048d18f724d",
    "color" : "#F2F2F2",
    "position" : {
      "x" : 8.472136,
      "y" : -54.832817,
      "z" : 27.416409
    }
  }, {
    "shape" : "43c16e81-5a3e-4fb8-a0bc-9ebcba19ffda",
    "color" : "#007695",
    "position" : {
      "x" : 1.618034,
      "y" : -52.214783,
      "z" : 23.18034
    },
    "orientation" : 54
  }, {
    "shape" : "43c16e81-5a3e-4fb8-a0bc-9ebcba19ffda",
    "color" : "#007695",
    "position" : {
      "x" : 28.034441,
      "y" : -45.36068,
      "z" : 20.562305
    },
    "orientation" : 45
  }, {
    "shape" : "43c16e81-5a3e-4fb8-a0bc-9ebcba19ffda",
    "color" : "#007695",
    "position" : {
      "x" : 12.708204,
      "y" : -34.27051,
      "z" : 16.326239
    },
    "orientation" : 16
  }, {
    "shape" : "43c16e81-5a3e-4fb8-a0bc-9ebcba19ffda",
    "color" : "#007695",
    "position" : {
      "x" : -33.27051,
      "y" : 12.708204,
      "z" : 1.618034
    },
    "orientation" : 6
  }, {
    "shape" : "18cb877b-3fb6-4588-835b-e048d18f724d",
    "color" : "#F2F2F2",
    "position" : {
      "x" : 43.36068,
      "y" : 15.326238,
      "z" : -2.618034
    }
  }, {
    "shape" : "43c16e81-5a3e-4fb8-a0bc-9ebcba19ffda",
    "color" : "#007695",
    "position" : {
      "x" : 54.45085,
      "y" : 19.562305,
      "z" : -1.0
    },
    "orientation" : 56
  }, {
    "shape" : "18cb877b-3fb6-4588-835b-e048d18f724d",
    "color" : "#F2F2F2",
    "position" : {
      "x" : -30.652475,
      "y" : 49.59675,
      "z" : -18.944271
    }
  }, {
    "shape" : "18cb877b-3fb6-4588-835b-e048d18f724d",
    "color" : "#F2F2F2",
    "position" : {
      "x" : 30.652475,
      "y" : 22.18034,
      "z" : -5.236068
    }
  }, {
    "shape" : "18cb877b-3fb6-4588-835b-e048d18f724d",
    "color" : "#F2F2F2",
    "position" : {
      "x" : -17.944271,
      "y" : -34.27051,
      "z" : 16.326239
    }
  }, {
    "shape" : "43c16e81-5a3e-4fb8-a0bc-9ebcba19ffda",
    "color" : "#007695",
    "position" : {
      "x" : 32.27051,
      "y" : -2.618034,
      "z" : 4.236068
    },
    "orientation" : 54
  }, {
    "shape" : "18cb877b-3fb6-4588-835b-e048d18f724d",
    "color" : "#F2F2F2",
    "position" : {
      "x" : 23.798374,
      "y" : -52.214783,
      "z" : 23.18034
    }
  }, {
    "shape" : "43c16e81-5a3e-4fb8-a0bc-9ebcba19ffda",
    "color" : "#007695",
    "position" : {
      "x" : 8.472136,
      "y" : 22.18034,
      "z" : -5.236068
    },
    "orientation" : 6
  }, {
    "shape" : "43c16e81-5a3e-4fb8-a0bc-9ebcba19ffda",
    "color" : "#007695",
    "position" : {
      "x" : 4.236068,
      "y" : -42.742645,
      "z" : 16.326239
    },
    "orientation" : 6
  }, {
    "shape" : "18cb877b-3fb6-4588-835b-e048d18f724d",
    "color" : "#F2F2F2",
    "position" : {
      "x" : -33.27051,
      "y" : 40.12461,
      "z" : -12.09017
    }
  }, {
    "shape" : "18cb877b-3fb6-4588-835b-e048d18f724d",
    "color" : "#F2F2F2",
    "position" : {
      "x" : 12.708204,
      "y" : 6.854102,
      "z" : -2.618034
    }
  }, {
    "shape" : "43c16e81-5a3e-4fb8-a0bc-9ebcba19ffda",
    "color" : "#007695",
    "position" : {
      "x" : -26.416409,
      "y" : 15.326238,
      "z" : -2.618034
    },
    "orientation" : 6
  }, {
    "shape" : "43c16e81-5a3e-4fb8-a0bc-9ebcba19ffda",
    "color" : "#007695",
    "position" : {
      "x" : -33.27051,
      "y" : 31.652475,
      "z" : -12.09017
    },
    "orientation" : 21
  }, {
    "shape" : "18cb877b-3fb6-4588-835b-e048d18f724d",
    "color" : "#F2F2F2",
    "position" : {
      "x" : 54.45085,
      "y" : 19.562305,
      "z" : -1.0
    }
  }, {
    "shape" : "18cb877b-3fb6-4588-835b-e048d18f724d",
    "color" : "#F2F2F2",
    "position" : {
      "x" : -52.832817,
      "y" : 22.18034,
      "z" : -5.236068
    }
  }, {
    "shape" : "18cb877b-3fb6-4588-835b-e048d18f724d",
    "color" : "#F2F2F2",
    "position" : {
      "x" : -37.506577,
      "y" : -2.618034,
      "z" : 4.236068
    }
  }, {
    "shape" : "43c16e81-5a3e-4fb8-a0bc-9ebcba19ffda",
    "color" : "#007695",
    "position" : {
      "x" : -2.618034,
      "y" : 40.12461,
      "z" : -12.09017
    },
    "orientation" : 54
  }, {
    "shape" : "18cb877b-3fb6-4588-835b-e048d18f724d",
    "color" : "#F2F2F2",
    "position" : {
      "x" : -29.034441,
      "y" : 19.562305,
      "z" : -1.0
    }
  }, {
    "shape" : "43c16e81-5a3e-4fb8-a0bc-9ebcba19ffda",
    "color" : "#007695",
    "position" : {
      "x" : -22.18034,
      "y" : 22.18034,
      "z" : -5.236068
    },
    "orientation" : 6
  }, {
    "shape" : "43c16e81-5a3e-4fb8-a0bc-9ebcba19ffda",
    "color" : "#007695",
    "position" : {
      "x" : 4.236068,
      "y" : 29.034441,
      "z" : -7.854102
    },
    "orientation" : 39
  }, {
    "shape" : "18cb877b-3fb6-4588-835b-e048d18f724d",
    "color" : "#F2F2F2",
    "position" : {
      "x" : -22.18034,
      "y" : 44.36068,
      "z" : -10.472136
    }
  }, {
    "shape" : "18cb877b-3fb6-4588-835b-e048d18f724d",
    "color" : "#F2F2F2",
    "position" : {
      "x" : -52.832817,
      "y" : 13.708204,
      "z" : -5.236068
    }
  }, {
    "shape" : "18cb877b-3fb6-4588-835b-e048d18f724d",
    "color" : "#F2F2F2",
    "position" : {
      "x" : 39.12461,
      "y" : 0.0,
      "z" : 0.0
    }
  }, {
    "shape" : "18cb877b-3fb6-4588-835b-e048d18f724d",
    "color" : "#F2F2F2",
    "position" : {
      "x" : -44.36068,
      "y" : 0.0,
      "z" : 0.0
    }
  }, {
    "shape" : "43c16e81-5a3e-4fb8-a0bc-9ebcba19ffda",
    "color" : "#007695",
    "position" : {
      "x" : -6.854102,
      "y" : 19.562305,
      "z" : -1.0
    },
    "orientation" : 56
  }, {
    "shape" : "43c16e81-5a3e-4fb8-a0bc-9ebcba19ffda",
    "color" : "#007695",
    "position" : {
      "x" : 8.472136,
      "y" : -27.416409,
      "z" : 13.708204
    },
    "orientation" : 21
  }, {
